1701 0 shot07479_263 1.0
1701 0 shot07479_93 0.4929333333333332
1701 0 shot07479_205 0.48006666666666664
1701 0 shot07479_105 0.41562453333333327
1701 0 shot07477_48 0.3537333333333333
1701 0 shot07480_106 0.30493333333333333
1701 0 shot07480_108 0.29960000000000003
1701 0 shot07479_222 0.26066666666666666
1701 0 shot07478_206 0.2562666666666667
1701 0 shot07479_338 0.23906666666666668
1701 0 shot07480_43 0.2233333333333333
1701 0 shot07477_47 0.17473333333333332
1701 0 shot07479_86 0.1695333333333333
