1702 0 shot07479_263 1.0
1702 0 shot07480_34 0.695
1702 0 shot07478_36 0.681
1702 0 shot07479_173 0.5867999999999999
1702 0 shot07479_67 0.5323333333333333
1702 0 shot07480_27 0.5098666666666668
1702 0 shot07480_30 0.5076666666666666
1702 0 shot07480_31 0.507
1702 0 shot07480_32 0.5035999999999999
1702 0 shot07478_186 0.4970666666666667
1702 0 shot07480_28 0.4921333333333333
1702 0 shot07480_29 0.4905333333333333
1702 0 shot07479_37 0.4846000000000001
1702 0 shot07479_53 0.4782
1702 0 shot07479_183 0.4480666666666666
1702 0 shot07480_2 0.4421333333333333
1702 0 shot07479_194 0.41706666666666664
1702 0 shot07480_3 0.4147999999999999
1702 0 shot07479_300 0.4133333333333334
1702 0 shot07479_236 0.40746666666666664
1702 0 shot07479_136 0.38339999999999996
1702 0 shot07480_1 0.37973333333333326
1702 0 shot07479_159 0.35633333333333334
1702 0 shot07480_108 0.29960000000000003
1702 0 shot07479_295 0.29846666666666666
1702 0 shot07480_63 0.2945333333333333
1702 0 shot07479_227 0.28720000000000007
1702 0 shot07480_112 0.28600000000000003
1702 0 shot07480_12 0.2809333333333333
1702 0 shot07478_12 0.27380000000000004
1702 0 shot07479_253 0.27346666666666675
1702 0 shot07480_54 0.27206666666666673
1702 0 shot07479_12 0.2641333333333333
1702 0 shot07479_222 0.26066666666666666
1702 0 shot07479_13 0.25806666666666667
1702 0 shot07480_26 0.2548666666666666
1702 0 shot07480_57 0.2319999999999999
1702 0 shot07480_64 0.22400000000000006
1702 0 shot07480_6 0.17833333333333337
1702 0 shot07480_48 0.17479999999999998
1702 0 shot07479_17 0.17133333333333342
1702 0 shot07480_47 0.16959999999999997
1702 0 shot07480_90 0.16679999999999998
