1704 0 shot07479_78 1.0
1704 0 shot07479_65 0.7038692550820734
1704 0 shot07479_79 0.6705040185662218
1704 0 shot07479_123 0.6361041796849713
1704 0 shot07479_23 0.6126135209892714
1704 0 shot07479_66 0.5493720861077067
1704 0 shot07479_196 0.45786317858636577
1704 0 shot07478_111 0.4167784003249226
1704 0 shot07478_11 0.4167784003249226
1704 0 shot07478_20 0.4167784003249226
1704 0 shot07478_23 0.4167784003249226
1704 0 shot07478_24 0.4167784003249226
1704 0 shot07478_25 0.4167784003249226
1704 0 shot07478_26 0.4167784003249226
1704 0 shot07478_27 0.4167784003249226
1704 0 shot07478_28 0.4167784003249226
1704 0 shot07478_29 0.4167784003249226
1704 0 shot07478_30 0.4167784003249226
1704 0 shot07478_31 0.4167784003249226
1704 0 shot07478_33 0.4167784003249226
1704 0 shot07479_202 0.4167784003249226
1704 0 shot07479_252 0.4167784003249226
1704 0 shot07480_44 0.4167784003249226
1704 0 shot07480_61 0.4167784003249226
1704 0 shot07480_69 0.4167784003249226
1704 0 shot07480_70 0.4167784003249226
1704 0 shot07480_74 0.4167784003249226
1704 0 shot07480_75 0.4167784003249226
1704 0 shot07480_76 0.4167784003249226
1704 0 shot07480_90 0.4167784003249226
1704 0 shot07480_91 0.33661802132909585
1704 0 shot07479_69 0.3298939964705204
1704 0 shot07479_64 0.32975507033707874
1704 0 shot07478_19 0.25426260942489115
1704 0 shot07479_131 0.2478442220598873
1704 0 shot07480_49 0.24770529592644566
1704 0 shot07479_8 0.24691535637465115
1704 0 shot07478_41 0.24617710845858765
1704 0 shot07480_5 0.24162033128170185
1704 0 shot07478_40 0.23703576887812763
1704 0 shot07478_42 0.23275684396812507
1704 0 shot07478_45 0.23033952924624054
1704 0 shot07479_198 0.22289308849376863
1704 0 shot07478_22 0.2210870487590273
1704 0 shot07480_68 0.21855859313038942
1704 0 shot07479_171 0.2148075875274651
1704 0 shot07479_181 0.21444637958051685
1704 0 shot07479_262 0.20969510581681278
1704 0 shot07479_132 0.19246826527004923
1704 0 shot07479_60 0.17668625651107883
1704 0 shot07478_16 0.17438008269594765
1704 0 shot07479_243 0.17029565437276337
1704 0 shot07479_176 0.16837847373126869
1704 0 shot07479_37 0.1625435761267198
1704 0 shot07478_17 0.16171001932606993
1704 0 shot07478_48 0.1547914978806763
1704 0 shot07478_32 0.14990129798353047
1704 0 shot07479_130 0.1491233116362573
1704 0 shot07479_294 0.14376076288540993
1704 0 shot07479_25 0.138259288001121
1704 0 shot07479_253 0.13378586650430016
1704 0 shot07480_73 0.13159083359592225
1704 0 shot07479_227 0.12472788260390519
1704 0 shot07479_80 0.12000439406688937
1704 0 shot07479_214 0.11633674414403009
1704 0 shot07479_165 0.11244681240766413
1704 0 shot07479_216 0.11002949768577955
1704 0 shot07480_45 0.10655634434973853
1704 0 shot07477_60 0.10633406253623193
1704 0 shot07480_47 0.10297205010694423
1704 0 shot07480_67 0.10233298989311268
1704 0 shot07478_43 0.10224963421304764
1704 0 shot07480_88 0.10222184898635939
1704 0 shot07479_215 0.0963591661551221
1704 0 shot07479_283 0.09258037532550946
1704 0 shot07477_65 0.08974628220329998
1704 0 shot07477_70 0.08835702086888361
1704 0 shot07477_64 0.08794024246855867
1704 0 shot07479_38 0.08135514374342488
1704 0 shot07477_66 0.07949353355530692
1704 0 shot07477_61 0.07799313131413717
1704 0 shot07477_92 0.07663165520640912
1704 0 shot07479_225 0.07379756208419964
