1705 0 shot07479_263 1.0
1705 0 shot07480_34 0.6041535714285713
1705 0 shot07480_27 0.4027655314285716
1705 0 shot07480_30 0.40054899999999993
1705 0 shot07480_31 0.3998781428571428
1705 0 shot07480_32 0.39646269714285703
1705 0 shot07480_28 0.3850169980952381
1705 0 shot07480_29 0.38342888380952383
1705 0 shot07479_37 0.3775587828571429
1705 0 shot07480_2 0.33642556952380953
1705 0 shot07479_205 0.31572466666666665
1705 0 shot07480_3 0.31076815999999996
1705 0 shot07479_291 0.2857142857142857
1705 0 shot07480_1 0.2787893638095237
1705 0 shot07479_247 0.2514666666666666
1705 0 shot07480_110 0.22638095238095235
1705 0 shot07479_290 0.21914285714285717
1705 0 shot07480_63 0.20548328380952383
1705 0 shot07480_112 0.19848400000000005
1705 0 shot07480_12 0.19435770666666663
1705 0 shot07478_12 0.18858561714285718
1705 0 shot07480_54 0.18718964000000005
1705 0 shot07479_45 0.17470476190476192
1705 0 shot07479_9 0.17453333333333335
1705 0 shot07480_26 0.1734768171428571
1705 0 shot07479_24 0.17291428571428571
1705 0 shot07479_98 0.16331428571428575
1705 0 shot07476_5 0.16068571428571427
1705 0 shot07476_7 0.1583238095238095
1705 0 shot07476_6 0.15394285714285716
1705 0 shot07479_34 0.15276190476190477
1705 0 shot07480_64 0.14950400000000005
1705 0 shot07479_204 0.1444
1705 0 shot07476_1 0.1424952380952381
1705 0 shot07479_93 0.1408380952380952
1705 0 shot07476_3 0.13849523809523812
1705 0 shot07479_265 0.13689523809523813
1705 0 shot07479_74 0.13171428571428573
1705 0 shot07480_6 0.11553452380952384
1705 0 shot07479_92 0.1138857142857143
1705 0 shot07476_4 0.11045714285714288
1705 0 shot07479_168 0.10996190476190479
1705 0 shot07480_47 0.10924178285714284
1705 0 shot07480_90 0.10723810285714284
1705 0 shot07479_51 0.10723809523809523
1705 0 shot07476_2 0.10542857142857145
1705 0 shot07479_170 0.10424761904761903
1705 0 shot07479_172 0.10239999999999998
1705 0 shot07480_16 0.1022095238095238
1705 0 shot07477_48 0.10106666666666667
1705 0 shot07479_176 0.10106666666666667
1705 0 shot07479_174 0.09302857142857142
1705 0 shot07480_106 0.08712380952380953
1705 0 shot07477_84 0.08316190476190474
1705 0 shot07479_227 0.08205714285714287
1705 0 shot07479_294 0.07912380952380953
1705 0 shot07479_253 0.07813333333333336
1705 0 shot07479_283 0.06824761904761906
1705 0 shot07480_57 0.06628571428571425
1705 0 shot07479_321 0.06546666666666669
1705 0 shot07479_237 0.06506666666666669
1705 0 shot07476_12 0.06379047619047619
1705 0 shot07479_341 0.06083809523809522
1705 0 shot07479_175 0.059466666666666675
1705 0 shot07479_126 0.058399999999999994
1705 0 shot07479_56 0.05832380952380953
1705 0 shot07479_105 0.05455238095238095
1705 0 shot07479_229 0.05377142857142857
1705 0 shot07479_173 0.05333333333333334
1705 0 shot07479_36 0.0505904761904762
1705 0 shot07477_47 0.04992380952380952
