1706 0 shot07478_111 1.0
1706 0 shot07476_5 0.9119999999999998
1706 0 shot07476_7 0.8985945945945945
1706 0 shot07476_6 0.8737297297297297
1706 0 shot07479_34 0.867027027027027
1706 0 shot07479_117 0.8575135135135136
1706 0 shot07476_1 0.8087567567567567
1706 0 shot07476_3 0.7860540540540542
1706 0 shot07476_4 0.6269189189189189
1706 0 shot07479_168 0.6241081081081082
1706 0 shot07476_2 0.5983783783783785
1706 0 shot07479_170 0.5916756756756756
1706 0 shot07479_172 0.581189189189189
1706 0 shot07479_227 0.46572972972972976
1706 0 shot07479_253 0.4434594594594596
1706 0 shot07479_288 0.4338378378378378
1706 0 shot07477_53 0.41718918918918907
1706 0 shot07479_89 0.40886486486486495
1706 0 shot07479_88 0.3994594594594594
1706 0 shot07480_57 0.37621621621621604
1706 0 shot07479_321 0.3715675675675677
1706 0 shot07479_237 0.36929729729729743
1706 0 shot07479_81 0.362054054054054
1706 0 shot07479_64 0.34767567567567575
1706 0 shot07479_175 0.33751351351351355
1706 0 shot07479_229 0.3051891891891892
1706 0 shot07479_118 0.3042162162162163
1706 0 shot07479_173 0.3027027027027027
1706 0 shot07479_133 0.2968648648648648
1706 0 shot07479_36 0.28713513513513517
