1707 0 shot07479_12 1.0
1707 0 shot07480_10 0.6680119391609411
1707 0 shot07479_263 0.6033867206365681
1707 0 shot07479_4 0.6033867206365681
1707 0 shot07479_7 0.6033867206365681
1707 0 shot07479_193 0.5946711346718176
1707 0 shot07479_198 0.4641997454194021
1707 0 shot07476_5 0.4341290097708231
1707 0 shot07476_7 0.43093157586659503
1707 0 shot07476_6 0.42500085168939805
1707 0 shot07479_159 0.403261046287212
1707 0 shot07479_271 0.32768165399158716
1707 0 shot07476_4 0.32633819274185377
1707 0 shot07479_312 0.31962697542570434
1707 0 shot07476_3 0.3195619669916406
1707 0 shot07479_228 0.29062662228271074
1707 0 shot07476_1 0.2679286521985315
1707 0 shot07479_154 0.26366827574434554
1707 0 shot07479_5 0.23372580074231294
1707 0 shot07479_259 0.2283129250837479
1707 0 shot07479_291 0.22071367328305913
1707 0 shot07476_10 0.21660036125415263
1707 0 shot07476_8 0.21660036125415263
1707 0 shot07476_9 0.21660036125415263
1707 0 shot07479_229 0.20959824492957702
1707 0 shot07476_2 0.2079046303225172
1707 0 shot07476_12 0.20073696336801516
1707 0 shot07479_47 0.1905058927358587
1707 0 shot07479_155 0.18749540540965173
1707 0 shot07479_13 0.18556470426979751
1707 0 shot07479_214 0.1758588647325382
1707 0 shot07476_11 0.16970122589117018
1707 0 shot07479_158 0.16312312850913988
1707 0 shot07479_123 0.15646797524883313
1707 0 shot07479_48 0.14720692152042653
1707 0 shot07479_66 0.14535947100737015
1707 0 shot07479_151 0.1453285280986196
1707 0 shot07479_34 0.14460652689443904
1707 0 shot07477_38 0.144147822210187
1707 0 shot07479_304 0.14067176984085916
1707 0 shot07480_13 0.1369326855242919
1707 0 shot07479_252 0.13692237122137504
1707 0 shot07479_180 0.13654074201345107
1707 0 shot07480_55 0.1347047960942492
1707 0 shot07480_88 0.1287705124511156
1707 0 shot07479_177 0.12697350405685515
1707 0 shot07479_215 0.12593763861491447
1707 0 shot07479_80 0.12411200699862947
1707 0 shot07480_105 0.12341063440028267
1707 0 shot07480_61 0.12283303343693826
1707 0 shot07479_202 0.12198726059775539
1707 0 shot07480_56 0.12176034593358437
1707 0 shot07476_14 0.12151280266357962
1707 0 shot07479_164 0.1192642846277032
1707 0 shot07479_233 0.11883283450017494
1707 0 shot07479_60 0.1150044775230382
1707 0 shot07480_75 0.10721717882080554
1707 0 shot07479_227 0.10631983446703834
1707 0 shot07479_310 0.10513368963159894
1707 0 shot07479_253 0.10419508806616429
1707 0 shot07479_132 0.10387534467574149
1707 0 shot07479_69 0.10359685849698613
1707 0 shot07479_179 0.10305020044239233
1707 0 shot07479_302 0.10193625572737099
1707 0 shot07480_57 0.0977795916518746
1707 0 shot07479_327 0.09757330559353733
1707 0 shot07476_13 0.09437587168930935
1707 0 shot07477_88 0.09282756220839128
1707 0 shot07479_144 0.0926563020499185
1707 0 shot07479_36 0.08928060604837834
1707 0 shot07479_65 0.08894023405212181
1707 0 shot07479_167 0.08694808172839308
1707 0 shot07479_168 0.08175406076275427
1707 0 shot07479_170 0.08005916211079626
1707 0 shot07479_172 0.07794742163332824
1707 0 shot07479_141 0.07222466350812762
1707 0 shot07479_316 0.0713154865860542
1707 0 shot07479_165 0.06937118891471067
1707 0 shot07479_130 0.06374025325236922
1707 0 shot07480_44 0.06349058069767032
1707 0 shot07479_321 0.06269329828450443
1707 0 shot07479_175 0.06214582044911479
1707 0 shot07477_36 0.06188581750118646
1707 0 shot07477_52 0.06188581750118646
1707 0 shot07477_62 0.06188581750118646
1707 0 shot07477_64 0.06188581750118646
1707 0 shot07477_65 0.06188581750118646
1707 0 shot07477_72 0.06188581750118646
1707 0 shot07477_93 0.06188581750118646
1707 0 shot07477_95 0.06188581750118646
1707 0 shot07477_96 0.06188581750118646
1707 0 shot07477_98 0.06188581750118646
1707 0 shot07478_40 0.06188581750118646
1707 0 shot07478_41 0.06188581750118646
1707 0 shot07478_42 0.06188581750118646
1707 0 shot07478_64 0.06188581750118646
1707 0 shot07479_104 0.06188581750118646
1707 0 shot07479_105 0.06188581750118646
1707 0 shot07479_106 0.06188581750118646
1707 0 shot07479_110 0.06188581750118646
1707 0 shot07479_112 0.06188581750118646
1707 0 shot07479_121 0.06188581750118646
1707 0 shot07479_122 0.06188581750118646
1707 0 shot07479_126 0.06188581750118646
1707 0 shot07479_128 0.06188581750118646
1707 0 shot07479_129 0.06188581750118646
1707 0 shot07479_131 0.06188581750118646
1707 0 shot07479_138 0.06188581750118646
1707 0 shot07479_142 0.06188581750118646
1707 0 shot07479_143 0.06188581750118646
1707 0 shot07479_146 0.06188581750118646
1707 0 shot07479_147 0.06188581750118646
1707 0 shot07479_148 0.06188581750118646
1707 0 shot07479_149 0.06188581750118646
1707 0 shot07479_150 0.06188581750118646
1707 0 shot07479_152 0.06188581750118646
1707 0 shot07479_153 0.06188581750118646
1707 0 shot07479_162 0.06188581750118646
1707 0 shot07479_163 0.06188581750118646
1707 0 shot07479_171 0.06188581750118646
1707 0 shot07479_176 0.06188581750118646
1707 0 shot07479_17 0.06188581750118646
1707 0 shot07479_183 0.06188581750118646
1707 0 shot07479_188 0.06188581750118646
1707 0 shot07479_18 0.06188581750118646
1707 0 shot07479_192 0.06188581750118646
1707 0 shot07479_196 0.06188581750118646
1707 0 shot07479_197 0.06188581750118646
1707 0 shot07479_19 0.06188581750118646
1707 0 shot07479_200 0.06188581750118646
1707 0 shot07479_201 0.06188581750118646
1707 0 shot07479_204 0.06188581750118646
1707 0 shot07479_208 0.06188581750118646
1707 0 shot07479_216 0.06188581750118646
1707 0 shot07479_220 0.06188581750118646
1707 0 shot07479_22 0.06188581750118646
1707 0 shot07479_23 0.06188581750118646
1707 0 shot07479_243 0.06188581750118646
1707 0 shot07479_250 0.06188581750118646
1707 0 shot07479_256 0.06188581750118646
1707 0 shot07479_257 0.06188581750118646
1707 0 shot07479_25 0.06188581750118646
1707 0 shot07479_262 0.06188581750118646
1707 0 shot07479_267 0.06188581750118646
1707 0 shot07479_269 0.06188581750118646
1707 0 shot07479_273 0.06188581750118646
1707 0 shot07479_275 0.06188581750118646
1707 0 shot07479_277 0.06188581750118646
1707 0 shot07479_280 0.06188581750118646
1707 0 shot07479_282 0.06188581750118646
1707 0 shot07479_283 0.06188581750118646
1707 0 shot07479_284 0.06188581750118646
1707 0 shot07479_285 0.06188581750118646
1707 0 shot07479_286 0.06188581750118646
1707 0 shot07479_287 0.06188581750118646
1707 0 shot07479_28 0.06188581750118646
1707 0 shot07479_290 0.06188581750118646
1707 0 shot07479_293 0.06188581750118646
1707 0 shot07479_294 0.06188581750118646
1707 0 shot07479_295 0.06188581750118646
1707 0 shot07479_308 0.06188581750118646
1707 0 shot07479_319 0.06188581750118646
1707 0 shot07479_31 0.06188581750118646
1707 0 shot07479_326 0.06188581750118646
1707 0 shot07479_330 0.06188581750118646
1707 0 shot07479_332 0.06188581750118646
1707 0 shot07479_334 0.06188581750118646
1707 0 shot07479_338 0.06188581750118646
1707 0 shot07479_33 0.06188581750118646
1707 0 shot07479_340 0.06188581750118646
1707 0 shot07479_37 0.06188581750118646
1707 0 shot07479_39 0.06188581750118646
1707 0 shot07479_40 0.06188581750118646
1707 0 shot07479_44 0.06188581750118646
1707 0 shot07479_45 0.06188581750118646
1707 0 shot07479_53 0.06188581750118646
1707 0 shot07479_62 0.06188581750118646
1707 0 shot07479_63 0.06188581750118646
1707 0 shot07479_64 0.06188581750118646
1707 0 shot07479_70 0.06188581750118646
1707 0 shot07479_71 0.06188581750118646
1707 0 shot07479_72 0.06188581750118646
1707 0 shot07479_76 0.06188581750118646
1707 0 shot07479_77 0.06188581750118646
1707 0 shot07479_78 0.06188581750118646
1707 0 shot07479_79 0.06188581750118646
1707 0 shot07479_81 0.06188581750118646
1707 0 shot07479_8 0.06188581750118646
1707 0 shot07479_90 0.06188581750118646
1707 0 shot07479_95 0.06188581750118646
1707 0 shot07480_100 0.06188581750118646
1707 0 shot07480_101 0.06188581750118646
1707 0 shot07480_103 0.06188581750118646
1707 0 shot07480_104 0.06188581750118646
1707 0 shot07480_109 0.06188581750118646
1707 0 shot07480_113 0.06188581750118646
1707 0 shot07480_14 0.06188581750118646
1707 0 shot07480_17 0.06188581750118646
1707 0 shot07480_18 0.06188581750118646
1707 0 shot07480_19 0.06188581750118646
1707 0 shot07480_1 0.06188581750118646
1707 0 shot07480_20 0.06188581750118646
1707 0 shot07480_21 0.06188581750118646
1707 0 shot07480_22 0.06188581750118646
1707 0 shot07480_23 0.06188581750118646
1707 0 shot07480_24 0.06188581750118646
1707 0 shot07480_25 0.06188581750118646
1707 0 shot07480_26 0.06188581750118646
1707 0 shot07480_33 0.06188581750118646
1707 0 shot07480_41 0.06188581750118646
1707 0 shot07480_42 0.06188581750118646
1707 0 shot07480_45 0.06188581750118646
1707 0 shot07480_47 0.06188581750118646
1707 0 shot07480_48 0.06188581750118646
1707 0 shot07480_49 0.06188581750118646
1707 0 shot07480_51 0.06188581750118646
1707 0 shot07480_52 0.06188581750118646
1707 0 shot07480_53 0.06188581750118646
1707 0 shot07480_58 0.06188581750118646
1707 0 shot07480_59 0.06188581750118646
1707 0 shot07480_5 0.06188581750118646
1707 0 shot07480_60 0.06188581750118646
1707 0 shot07480_63 0.06188581750118646
1707 0 shot07480_67 0.06188581750118646
1707 0 shot07480_68 0.06188581750118646
1707 0 shot07480_74 0.06188581750118646
1707 0 shot07480_7 0.06188581750118646
1707 0 shot07480_89 0.06188581750118646
1707 0 shot07480_93 0.06188581750118646
1707 0 shot07480_95 0.06188581750118646
1707 0 shot07480_96 0.06188581750118646
1707 0 shot07480_9 0.06188581750118646
1707 0 shot07480_2 0.06184868601068575
1707 0 shot07479_137 0.06139485668234373
1707 0 shot07479_232 0.060887813802393005
1707 0 shot07478_20 0.060458317977492425
1707 0 shot07479_15 0.060214900428654426
1707 0 shot07478_44 0.0595712879266421
1707 0 shot07478_43 0.05927011028146965
1707 0 shot07479_237 0.05896625586840424
1707 0 shot07479_225 0.058104181479747295
1707 0 shot07479_51 0.05797337631529985
1707 0 shot07480_3 0.05716186676526256
1707 0 shot07479_299 0.05715774104409581
1707 0 shot07477_66 0.05608505354074192
1707 0 shot07477_67 0.055825133107236934
1707 0 shot07479_173 0.055716379097281526
1707 0 shot07480_37 0.055606469885399405
1707 0 shot07479_301 0.05390667276470016
1707 0 shot07477_94 0.053539483580859776
1707 0 shot07476_15 0.05268133357817666
1707 0 shot07478_233 0.05230589295200281
1707 0 shot07479_266 0.051724166267491656
1707 0 shot07477_110 0.05156738886315532
1707 0 shot07479_75 0.0512868398238166
1707 0 shot07479_67 0.05125795977564938
1707 0 shot07479_298 0.05105167371731209
1707 0 shot07479_195 0.05087014198597528
1707 0 shot07480_43 0.05073469456007101
1707 0 shot07480_108 0.04910433332660809
1707 0 shot07479_125 0.04868350976760001
1707 0 shot07478_33 0.047487050629243736
1707 0 shot07479_247 0.04717762154173782
1707 0 shot07479_313 0.04711986144540338
1707 0 shot07479_24 0.04636072875072215
1707 0 shot07479_16 0.04619982562521908
1707 0 shot07479_335 0.04616269413471836
1707 0 shot07477_97 0.04519727538169985
1707 0 shot07479_311 0.04431437105201626
1707 0 shot07479_133 0.04376152441567231
1707 0 shot07479_325 0.0434758433917743
1707 0 shot07478_230 0.04289099724948897
1707 0 shot07480_114 0.04036605589544057
1707 0 shot07479_305 0.03927273978625293
1707 0 shot07479_309 0.03923148257458547
1707 0 shot07478_182 0.03909533377608286
1707 0 shot07479_264 0.03901694507391469
1707 0 shot07479_339 0.039012819352747946
1707 0 shot07479_261 0.03896331069874699
1707 0 shot07478_208 0.03893443065057978
1707 0 shot07478_63 0.03889729916007907
1707 0 shot07478_90 0.03889729916007907
1707 0 shot07478_138 0.03881478473674414
1707 0 shot07479_226 0.03881065901557741
1707 0 shot07478_114 0.03874877319807622
1707 0 shot07478_147 0.03874464747690948
1707 0 shot07478_67 0.03874464747690948
1707 0 shot07478_115 0.03873639603457597
1707 0 shot07479_50 0.0386745102170748
1707 0 shot07479_54 0.038645630168907576
1707 0 shot07479_206 0.03860849867840686
1707 0 shot07477_25 0.03860437295724012
1707 0 shot07478_196 0.03859199579373988
1707 0 shot07479_21 0.038567241466739406
1707 0 shot07479_52 0.03852598425507195
1707 0 shot07478_89 0.038459972716404014
1707 0 shot07478_139 0.038455846995237276
1707 0 shot07477_90 0.03844759555290378
1707 0 shot07478_71 0.038443469831737034
1707 0 shot07479_272 0.03843934411057028
1707 0 shot07479_258 0.03843109266823679
1707 0 shot07479_333 0.03839396117773609
1707 0 shot07479_10 0.03835270396606862
1707 0 shot07479_337 0.038319698196734656
1707 0 shot07479_314 0.03830732103323443
1707 0 shot07478_88 0.03829081814856745
1707 0 shot07478_93 0.03828669242740069
1707 0 shot07477_71 0.03828256670623394
1707 0 shot07479_203 0.03821242944639928
1707 0 shot07479_246 0.03819180084056554
1707 0 shot07478_203 0.038171172234731814
1707 0 shot07479_276 0.038162920792398324
1707 0 shot07477_42 0.03815466935006482
1707 0 shot07478_229 0.0381422921865646
1707 0 shot07478_70 0.0381422921865646
1707 0 shot07477_85 0.03813816646539784
1707 0 shot07479_317 0.03813816646539784
1707 0 shot07479_320 0.038101034974897134
1707 0 shot07478_172 0.038092783532563644
1707 0 shot07479_318 0.03807215492672992
1707 0 shot07478_158 0.03805977776322967
1707 0 shot07477_27 0.038030897715062455
1707 0 shot07478_87 0.03794013184939405
1707 0 shot07478_116 0.037919503243560325
1707 0 shot07478_184 0.03791125180122683
1707 0 shot07478_185 0.0378906231953931
1707 0 shot07478_165 0.03788649747422635
1707 0 shot07477_24 0.037857617426059136
1707 0 shot07478_21 0.037857617426059136
1707 0 shot07479_251 0.037845240262558894
1707 0 shot07478_56 0.037779228723890966
1707 0 shot07479_14 0.037775103002724214
1707 0 shot07479_186 0.037709091464056294
1707 0 shot07477_28 0.037696714300556045
1707 0 shot07478_219 0.03768433713705581
1707 0 shot07478_84 0.03765133136772184
1707 0 shot07478_104 0.03764307992538835
1707 0 shot07478_220 0.037630702761888124
1707 0 shot07478_154 0.03761419987722113
1707 0 shot07478_110 0.037610074156054385
1707 0 shot07479_160 0.03760594843488764
1707 0 shot07479_254 0.037593571271387405
1707 0 shot07478_62 0.037556439780886686
1707 0 shot07479_182 0.037556439780886686
1707 0 shot07477_91 0.037552314059719955
1707 0 shot07479_213 0.037548188338553196
1707 0 shot07477_9 0.037544062617386464
1707 0 shot07478_174 0.03752755973271947
1707 0 shot07479_190 0.037506931126885745
1707 0 shot07479_270 0.037490428242218765
1707 0 shot07479_235 0.037453296751718046
1707 0 shot07479_315 0.0374491710305513
1707 0 shot07479_42 0.0374491710305513
1707 0 shot07478_226 0.037428542424717576
1707 0 shot07479_274 0.037374908049549876
1707 0 shot07478_78 0.03734602800138266
1707 0 shot07479_199 0.037341902280215916
1707 0 shot07478_30 0.037325399395548936
1707 0 shot07478_183 0.03731714795321544
1707 0 shot07478_134 0.03729651934738171
1707 0 shot07479_303 0.03729651934738171
1707 0 shot07480_115 0.03727176502038124
1707 0 shot07479_187 0.037251136414547505
1707 0 shot07479_134 0.03722638208754703
1707 0 shot07477_86 0.037172747712379335
1707 0 shot07478_85 0.037172747712379335
1707 0 shot07479_241 0.037172747712379335
1707 0 shot07479_156 0.03715624482771235
1707 0 shot07478_234 0.03709023328904442
1707 0 shot07479_35 0.03703659891387672
1707 0 shot07479_184 0.03701184458687625
1707 0 shot07479_288 0.03697471309637554
1707 0 shot07478_238 0.03684269001903968
1707 0 shot07477_43 0.03683856429787293
1707 0 shot07478_131 0.03682206141320595
1707 0 shot07478_200 0.03673954698987102
1707 0 shot07478_168 0.03672304410520404
1707 0 shot07479_97 0.03671066694170381
1707 0 shot07479_41 0.03670654122053706
1707 0 shot07478_249 0.03668591261470334
1707 0 shot07480_65 0.03668591261470334
1707 0 shot07479_322 0.03668178689353659
1707 0 shot07479_107 0.036624026797202155
1707 0 shot07477_40 0.036570392422034456
1707 0 shot07479_84 0.036562140979700966
1707 0 shot07479_115 0.036529135210367
1707 0 shot07479_46 0.03649612944103303
1707 0 shot07479_297 0.0364837522775328
1707 0 shot07477_81 0.03647962655636605
1707 0 shot07479_296 0.03643424362353184
1707 0 shot07478_187 0.03636410636369716
1707 0 shot07479_157 0.03635998064253042
1707 0 shot07478_118 0.03633935203669669
1707 0 shot07478_82 0.0363311005943632
1707 0 shot07479_324 0.03628571766152899
1707 0 shot07477_108 0.03626096333452852
1707 0 shot07479_114 0.03625683761336178
1707 0 shot07478_55 0.03621970612286106
1707 0 shot07478_217 0.03621558040169433
1707 0 shot07479_93 0.03614956886302638
1707 0 shot07479_328 0.03614131742069289
1707 0 shot07478_92 0.036095934487858694
1707 0 shot07479_331 0.03609180876669195
1707 0 shot07479_43 0.036025797228024015
1707 0 shot07478_150 0.03602167150685727
1707 0 shot07478_68 0.0359969171798568
1707 0 shot07479_61 0.03599279145869004
1707 0 shot07478_149 0.0359886657375233
1707 0 shot07479_205 0.03598454001635655
1707 0 shot07478_106 0.03598041429518981
1707 0 shot07479_161 0.0359432828046891
1707 0 shot07479_38 0.03593503136235561
1707 0 shot07479_108 0.035922654198855375
1707 0 shot07478_130 0.03586489410252093
1707 0 shot07478_186 0.03586489410252093
1707 0 shot07479_92 0.035860768381354186
1707 0 shot07477_33 0.03584013977552045
1707 0 shot07479_113 0.03580713400618649
1707 0 shot07477_109 0.03578650540035276
1707 0 shot07478_173 0.035683362371184114
1707 0 shot07479_230 0.035642105159516664
1707 0 shot07478_96 0.035621476553682925
1707 0 shot07477_56 0.035567842178515226
1707 0 shot07479_248 0.035559590736181736
1707 0 shot07479_329 0.035538962130348024
1707 0 shot07479_145 0.03551420780334754
1707 0 shot07479_27 0.03550595636101405
1707 0 shot07477_32 0.035485327755180325
1707 0 shot07478_111 0.035485327755180325
1707 0 shot07479_109 0.03545232198584635
1707 0 shot07478_127 0.03542756765884588
1707 0 shot07477_59 0.035353304677844456
1707 0 shot07477_30 0.03532442462967723
1707 0 shot07478_22 0.03531566613621235
1707 0 shot07478_156 0.03529967030267676
1707 0 shot07479_244 0.03527904169684303
1707 0 shot07478_73 0.03522953304284208
1707 0 shot07479_103 0.03520065299467486
1707 0 shot07478_242 0.03515527006184066
1707 0 shot07479_111 0.03511813857133995
1707 0 shot07477_107 0.0351140128501732
1707 0 shot07478_151 0.03510988712900645
1707 0 shot07479_94 0.03494898400350337
1707 0 shot07479_11 0.03489510043477721
1707 0 shot07479_268 0.03488297246483543
1707 0 shot07477_104 0.0348788467436687
1707 0 shot07478_225 0.03486234385900171
1707 0 shot07478_191 0.03475094938749958
1707 0 shot07479_242 0.03475094938749958
1707 0 shot07478_207 0.03469731501233188
1707 0 shot07479_91 0.034627177752497205
1707 0 shot07478_140 0.034474526069327605
1707 0 shot07479_240 0.03442089169415991
1707 0 shot07479_169 0.03429299433799079
1707 0 shot07479_55 0.03423523424165636
1707 0 shot07478_72 0.03416097126065492
1707 0 shot07479_181 0.03415684553948819
1707 0 shot07477_103 0.03406195395265304
1707 0 shot07478_32 0.03399181669281836
1707 0 shot07478_152 0.03394643375998415
1707 0 shot07479_174 0.03383916500964876
1707 0 shot07477_106 0.03381853640381503
1707 0 shot07479_224 0.033785530634481066
1707 0 shot07479_30 0.033645256114811714
1707 0 shot07477_70 0.033591621739644015
1707 0 shot07479_9 0.033578016761524554
1707 0 shot07478_105 0.033381209960139976
1707 0 shot07479_289 0.033381209960139976
1707 0 shot07479_341 0.033381209960139976
1707 0 shot07478_129 0.0331666724594692
1707 0 shot07479_191 0.03315016957480222
1707 0 shot07479_96 0.03305940370913381
1707 0 shot07477_87 0.03298926644929913
1707 0 shot07478_53 0.03287374625663025
1707 0 shot07478_23 0.03284074048729629
1707 0 shot07480_107 0.03271284313112716
1707 0 shot07478_133 0.032576694332624556
1707 0 /nshot07479_100 0.03223425947578465
1707 0 shot07478_146 0.03190420178244499
1707 0 shot07479_323 0.031594772694939065
1707 0 shot07478_252 0.03154526404093811
1707 0 shot07477_68 0.03129772077093337
1707 0 shot07478_251 0.031235834953432177
1707 0 shot07478_171 0.031231709232265443
1707 0 shot07478_235 0.031219332068765197
1707 0 shot07479_74 0.031178074857097744
1707 0 shot07478_57 0.03099654312576093
1707 0 shot07479_222 0.030819137115590856
1707 0 shot07478_157 0.030782005625090147
1707 0 shot07479_120 0.030328176296748117
1707 0 shot07479_32 0.030245661873413193
1707 0 shot07479_127 0.030138393123077815
1707 0 shot07478_211 0.029874346968406077
1707 0 shot07478_31 0.029866095526072587
1707 0 shot07478_167 0.029668060910068794
1707 0 shot07479_239 0.02961030081373435
1707 0 shot07477_105 0.029589672207900625
1707 0 shot07479_56 0.029172974370059303
1707 0 shot07480_73 0.028789282301551943
1707 0 shot07477_22 0.028595373406714895
1707 0 shot07479_29 0.02857474480088117
1707 0 shot07478_199 0.028496356098713
1707 0 shot07479_231 0.028087909703205165
1707 0 /nshot07477_102 0.02804252677037096
1707 0 shot07478_19 0.026705793112345333
1707 0 shot07478_45 0.026355106813171943
1707 0 shot07478_46 0.026355106813171943
1707 0 shot07480_98 0.026239586620503068
1707 0 shot07479_234 0.02543507099298764
1707 0 shot07477_35 0.025253539261650828
1707 0 shot07478_255 0.02519165344414964
1707 0 shot07478_95 0.024704818346473638
1707 0 shot07478_37 0.023842542622623777
1707 0 shot07478_143 0.023793033968622822
1707 0 shot07478_254 0.02342997050594919
1707 0 shot07477_26 0.02316592435127747
1707 0 shot07480_92 0.022794609446270347
1707 0 shot07477_21 0.022237637088759674
1707 0 shot07478_83 0.022155122665424753
1707 0 shot07478_16 0.021899327953086516
1707 0 shot07477_60 0.021618778913747805
1707 0 shot07478_107 0.021585773144413845
1707 0 shot07480_99 0.02149913299991218
1707 0 shot07479_223 0.02144137290357774
1707 0 shot07477_11 0.021173201027739258
1707 0 shot07479_6 0.020913280594234276
1707 0 shot07479_86 0.020913280594234276
1707 0 shot07479_194 0.020723497420563973
1707 0 shot07479_238 0.019786958715712687
1707 0 shot07479_336 0.0194362724165393
1707 0 shot07480_36 0.019316626502703667
1707 0 shot07479_236 0.019225860637035262
1707 0 shot07478_11 0.01896594020353028
1707 0 shot07478_243 0.018871048616695127
1707 0 shot07480_112 0.01797989284467804
1707 0 shot07478_17 0.01766633803600536
1707 0 shot07478_38 0.01760445221850418
1707 0 shot07478_15 0.017237263034663802
1707 0 shot07480_97 0.01698559404349231
1707 0 shot07478_125 0.014448275525943669
1707 0 shot07480_15 0.014295623842774075
1707 0 shot07478_181 0.013817040187431564
1707 0 shot07480_78 0.013800537302764582
1707 0 shot07479_102 0.013685017110095704
1707 0 shot07480_80 0.013499359657592138
1707 0 shot07477_17 0.013214684897086685
1707 0 shot07480_81 0.013074410377417326
1707 0 shot07480_77 0.0130537817715836
1707 0 shot07478_24 0.012892878646080514
1707 0 shot07478_29 0.01252981518340689
1707 0 shot07480_79 0.012455552202405466
1707 0 shot07478_126 0.01223276325940119
1707 0 shot07479_260 0.012100740182065323
1707 0 shot07478_12 0.011877951239061057
1707 0 shot07477_83 0.011741802440558445
1707 0 /nshot07480_100 0.011642785132556547
1707 0 shot07477_75 0.011630407969056311
1707 0 shot07480_62 0.011560270709221632
1707 0 shot07480_102 0.011184830083047772
1707 0 shot07479_136 0.011061058448045395
1707 0 shot07480_83 0.010718623591205498
1707 0 shot07479_255 0.01047108032120075
1707 0 shot07480_85 0.010442200273033525
