1708 0 shot07479_22 1.0
1708 0 shot07476_10 0.6181106418048831
1708 0 shot07476_13 0.6181106418048831
1708 0 shot07476_14 0.6181106418048831
1708 0 shot07476_1 0.6181106418048831
1708 0 shot07476_2 0.6181106418048831
1708 0 shot07476_3 0.6181106418048831
1708 0 shot07476_4 0.6181106418048831
1708 0 shot07476_5 0.6181106418048831
1708 0 shot07476_6 0.6181106418048831
1708 0 shot07476_7 0.6181106418048831
1708 0 shot07476_8 0.6181106418048831
1708 0 shot07476_9 0.6181106418048831
1708 0 shot07477_36 0.6181106418048831
1708 0 shot07477_52 0.6181106418048831
1708 0 shot07477_62 0.6181106418048831
1708 0 shot07477_64 0.6181106418048831
1708 0 shot07477_65 0.6181106418048831
1708 0 shot07477_72 0.6181106418048831
1708 0 shot07477_93 0.6181106418048831
1708 0 shot07477_95 0.6181106418048831
1708 0 shot07477_96 0.6181106418048831
1708 0 shot07477_98 0.6181106418048831
1708 0 shot07478_40 0.6181106418048831
1708 0 shot07478_41 0.6181106418048831
1708 0 shot07478_42 0.6181106418048831
1708 0 shot07478_64 0.6181106418048831
1708 0 shot07479_104 0.6181106418048831
1708 0 shot07479_105 0.6181106418048831
1708 0 shot07479_106 0.6181106418048831
1708 0 shot07479_110 0.6181106418048831
1708 0 shot07479_112 0.6181106418048831
1708 0 shot07479_121 0.6181106418048831
1708 0 shot07479_122 0.6181106418048831
1708 0 shot07479_123 0.6181106418048831
1708 0 shot07479_126 0.6181106418048831
1708 0 shot07479_128 0.6181106418048831
1708 0 shot07479_129 0.6181106418048831
1708 0 shot07479_12 0.6181106418048831
1708 0 shot07479_131 0.6181106418048831
1708 0 shot07479_132 0.6181106418048831
1708 0 shot07479_138 0.6181106418048831
1708 0 shot07479_142 0.6181106418048831
1708 0 shot07479_143 0.6181106418048831
1708 0 shot07479_146 0.6181106418048831
1708 0 shot07479_147 0.6181106418048831
1708 0 shot07479_148 0.6181106418048831
1708 0 shot07479_149 0.6181106418048831
1708 0 shot07479_150 0.6181106418048831
1708 0 shot07479_151 0.6181106418048831
1708 0 shot07479_152 0.6181106418048831
1708 0 shot07479_153 0.6181106418048831
1708 0 shot07479_154 0.6181106418048831
1708 0 shot07479_159 0.6181106418048831
1708 0 shot07479_162 0.6181106418048831
1708 0 shot07479_163 0.6181106418048831
1708 0 shot07479_164 0.6181106418048831
1708 0 shot07479_171 0.6181106418048831
1708 0 shot07479_176 0.6181106418048831
1708 0 shot07479_179 0.6181106418048831
1708 0 shot07479_17 0.6181106418048831
1708 0 shot07479_180 0.6181106418048831
1708 0 shot07479_183 0.6181106418048831
1708 0 shot07479_188 0.6181106418048831
1708 0 shot07479_18 0.6181106418048831
1708 0 shot07479_192 0.6181106418048831
1708 0 shot07479_196 0.6181106418048831
1708 0 shot07479_197 0.6181106418048831
1708 0 shot07479_198 0.6181106418048831
1708 0 shot07479_19 0.6181106418048831
1708 0 shot07479_200 0.6181106418048831
1708 0 shot07479_201 0.6181106418048831
1708 0 shot07479_202 0.6181106418048831
1708 0 shot07479_204 0.6181106418048831
1708 0 shot07479_208 0.6181106418048831
1708 0 shot07479_214 0.6181106418048831
1708 0 shot07479_215 0.6181106418048831
1708 0 shot07479_216 0.6181106418048831
1708 0 shot07479_220 0.6181106418048831
1708 0 shot07479_227 0.6181106418048831
1708 0 shot07479_229 0.6181106418048831
1708 0 shot07479_23 0.6181106418048831
1708 0 shot07479_243 0.6181106418048831
1708 0 shot07479_250 0.6181106418048831
1708 0 shot07479_252 0.6181106418048831
1708 0 shot07479_253 0.6181106418048831
1708 0 shot07479_256 0.6181106418048831
1708 0 shot07479_257 0.6181106418048831
1708 0 shot07479_25 0.6181106418048831
1708 0 shot07479_262 0.6181106418048831
1708 0 shot07479_263 0.6181106418048831
1708 0 shot07479_267 0.6181106418048831
1708 0 shot07479_269 0.6181106418048831
1708 0 shot07479_273 0.6181106418048831
1708 0 shot07479_275 0.6181106418048831
1708 0 shot07479_277 0.6181106418048831
1708 0 shot07479_280 0.6181106418048831
1708 0 shot07479_282 0.6181106418048831
1708 0 shot07479_283 0.6181106418048831
1708 0 shot07479_284 0.6181106418048831
1708 0 shot07479_285 0.6181106418048831
1708 0 shot07479_286 0.6181106418048831
1708 0 shot07479_287 0.6181106418048831
1708 0 shot07479_28 0.6181106418048831
1708 0 shot07479_290 0.6181106418048831
1708 0 shot07479_291 0.6181106418048831
1708 0 shot07479_293 0.6181106418048831
1708 0 shot07479_294 0.6181106418048831
1708 0 shot07479_295 0.6181106418048831
1708 0 shot07479_302 0.6181106418048831
1708 0 shot07479_308 0.6181106418048831
1708 0 shot07479_310 0.6181106418048831
1708 0 shot07479_319 0.6181106418048831
1708 0 shot07479_31 0.6181106418048831
1708 0 shot07479_326 0.6181106418048831
1708 0 shot07479_327 0.6181106418048831
1708 0 shot07479_330 0.6181106418048831
1708 0 shot07479_332 0.6181106418048831
1708 0 shot07479_334 0.6181106418048831
1708 0 shot07479_338 0.6181106418048831
1708 0 shot07479_33 0.6181106418048831
1708 0 shot07479_340 0.6181106418048831
1708 0 shot07479_34 0.6181106418048831
1708 0 shot07479_36 0.6181106418048831
1708 0 shot07479_37 0.6181106418048831
1708 0 shot07479_39 0.6181106418048831
1708 0 shot07479_40 0.6181106418048831
1708 0 shot07479_44 0.6181106418048831
1708 0 shot07479_45 0.6181106418048831
1708 0 shot07479_4 0.6181106418048831
1708 0 shot07479_53 0.6181106418048831
1708 0 shot07479_5 0.6181106418048831
1708 0 shot07479_60 0.6181106418048831
1708 0 shot07479_62 0.6181106418048831
1708 0 shot07479_63 0.6181106418048831
1708 0 shot07479_64 0.6181106418048831
1708 0 shot07479_65 0.6181106418048831
1708 0 shot07479_66 0.6181106418048831
1708 0 shot07479_69 0.6181106418048831
1708 0 shot07479_70 0.6181106418048831
1708 0 shot07479_71 0.6181106418048831
1708 0 shot07479_72 0.6181106418048831
1708 0 shot07479_76 0.6181106418048831
1708 0 shot07479_77 0.6181106418048831
1708 0 shot07479_78 0.6181106418048831
1708 0 shot07479_79 0.6181106418048831
1708 0 shot07479_7 0.6181106418048831
1708 0 shot07479_80 0.6181106418048831
1708 0 shot07479_81 0.6181106418048831
1708 0 shot07479_8 0.6181106418048831
1708 0 shot07479_90 0.6181106418048831
1708 0 shot07479_95 0.6181106418048831
1708 0 shot07480_100 0.6181106418048831
1708 0 shot07480_101 0.6181106418048831
1708 0 shot07480_103 0.6181106418048831
1708 0 shot07480_104 0.6181106418048831
1708 0 shot07480_105 0.6181106418048831
1708 0 shot07480_109 0.6181106418048831
1708 0 shot07480_10 0.6181106418048831
1708 0 shot07480_113 0.6181106418048831
1708 0 shot07480_13 0.6181106418048831
1708 0 shot07480_14 0.6181106418048831
1708 0 shot07480_17 0.6181106418048831
1708 0 shot07480_18 0.6181106418048831
1708 0 shot07480_19 0.6181106418048831
1708 0 shot07480_1 0.6181106418048831
1708 0 shot07480_20 0.6181106418048831
1708 0 shot07480_21 0.6181106418048831
1708 0 shot07480_22 0.6181106418048831
1708 0 shot07480_23 0.6181106418048831
1708 0 shot07480_24 0.6181106418048831
1708 0 shot07480_25 0.6181106418048831
1708 0 shot07480_26 0.6181106418048831
1708 0 shot07480_33 0.6181106418048831
1708 0 shot07480_41 0.6181106418048831
1708 0 shot07480_42 0.6181106418048831
1708 0 shot07480_45 0.6181106418048831
1708 0 shot07480_47 0.6181106418048831
1708 0 shot07480_48 0.6181106418048831
1708 0 shot07480_49 0.6181106418048831
1708 0 shot07480_51 0.6181106418048831
1708 0 shot07480_52 0.6181106418048831
1708 0 shot07480_53 0.6181106418048831
1708 0 shot07480_55 0.6181106418048831
1708 0 shot07480_56 0.6181106418048831
1708 0 shot07480_57 0.6181106418048831
1708 0 shot07480_58 0.6181106418048831
1708 0 shot07480_59 0.6181106418048831
1708 0 shot07480_5 0.6181106418048831
1708 0 shot07480_60 0.6181106418048831
1708 0 shot07480_61 0.6181106418048831
1708 0 shot07480_63 0.6181106418048831
1708 0 shot07480_67 0.6181106418048831
1708 0 shot07480_68 0.6181106418048831
1708 0 shot07480_74 0.6181106418048831
1708 0 shot07480_75 0.6181106418048831
1708 0 shot07480_7 0.6181106418048831
1708 0 shot07480_88 0.6181106418048831
1708 0 shot07480_89 0.6181106418048831
1708 0 shot07480_93 0.6181106418048831
1708 0 shot07480_95 0.6181106418048831
1708 0 shot07480_96 0.6181106418048831
1708 0 shot07480_9 0.6181106418048831
1708 0 shot07480_2 0.6177397754198001
1708 0 shot07479_137 0.6132069640465644
1708 0 shot07479_193 0.604182548676213
1708 0 shot07478_78 0.6017038261048728
1708 0 shot07479_15 0.6014216544761511
1708 0 shot07478_44 0.5949933038013805
1708 0 shot07478_43 0.5919851653445966
1708 0 shot07479_29 0.5872001730709797
1708 0 shot07479_177 0.5820541876995983
1708 0 shot07480_3 0.5709281961471103
1708 0 shot07479_299 0.5708869887709899
1708 0 shot07479_228 0.5660657257649119
1708 0 shot07477_66 0.5601730709797053
1708 0 shot07477_67 0.5575770062841248
1708 0 shot07480_37 0.5553930153497475
1708 0 shot07476_12 0.5547336973318224
1708 0 shot07479_155 0.5466982589883588
1708 0 shot07479_301 0.5384155763881734
1708 0 shot07477_94 0.5347481199134644
1708 0 shot07476_15 0.5261769856804367
1708 0 shot07478_233 0.5224271144534872
1708 0 shot07479_266 0.5166168744205213
1708 0 shot07477_110 0.515050994127949
1708 0 shot07479_75 0.5122488925517668
1708 0 shot07479_67 0.5119604409189245
1708 0 shot07479_298 0.5099000721129082
1708 0 shot07479_195 0.5080869475636138
1708 0 shot07480_108 0.4904501905841145
1708 0 shot07479_125 0.4862470382198412
1708 0 shot07479_304 0.4762748531987226
1708 0 shot07479_247 0.4712063459359225
1708 0 shot07479_313 0.470629442670238
1708 0 shot07479_24 0.463047285464098
1708 0 shot07479_16 0.4614401977954054
1708 0 shot07479_335 0.4610693314103224
1708 0 shot07477_97 0.4514268053981662
1708 0 shot07479_311 0.4426084269084166
1708 0 shot07479_133 0.4370866385082928
1708 0 shot07476_11 0.43074070258576286
1708 0 shot07478_230 0.4283918821469043
1708 0 shot07479_271 0.42542495106624084
1708 0 shot07479_13 0.40828268260018546
1708 0 shot07480_114 0.4031729679612651
1708 0 shot07480_44 0.39925826722983415
1708 0 shot07479_305 0.3922530132893788
1708 0 shot07479_316 0.39196456165653654
1708 0 shot07479_309 0.39184093952817545
1708 0 shot07478_182 0.3904810961162048
1708 0 shot07479_264 0.3896981559699186
1708 0 shot07479_339 0.38965694859379824
1708 0 shot07479_261 0.3891624600803543
1708 0 shot07478_208 0.3888740084475121
1708 0 shot07478_63 0.3885031420624292
1708 0 shot07478_90 0.3885031420624292
1708 0 shot07478_138 0.3876789945400226
1708 0 shot07479_144 0.38763778716390235
1708 0 shot07479_226 0.38763778716390235
1708 0 shot07478_114 0.38701967652209746
1708 0 shot07478_147 0.3869784691459771
1708 0 shot07478_67 0.3869784691459771
1708 0 shot07478_115 0.38689605439373637
1708 0 shot07479_50 0.3862779437519316
1708 0 shot07479_54 0.38598949211908934
1708 0 shot07479_206 0.38561862573400635
1708 0 shot07477_25 0.385577418357886
1708 0 shot07478_196 0.3854537962295251
1708 0 shot07479_21 0.3852065519728031
1708 0 shot07479_52 0.38479447821159984
1708 0 shot07478_89 0.3841351601936746
1708 0 shot07478_139 0.3840939528175544
1708 0 shot07477_90 0.38401153806531363
1708 0 shot07478_71 0.38397033068919334
1708 0 shot07479_272 0.383929123313073
1708 0 shot07479_258 0.38384670856083236
1708 0 shot07479_333 0.3834758421757495
1708 0 shot07479_10 0.38306376841454615
1708 0 shot07477_38 0.3829401462861852
1708 0 shot07479_337 0.3827341094055835
1708 0 shot07479_314 0.38261048727722263
1708 0 shot07478_88 0.38244565777274137
1708 0 shot07478_93 0.38240445039662097
1708 0 shot07477_71 0.3823632430205006
1708 0 shot07479_312 0.38228082826826
1708 0 shot07479_203 0.38166271762645515
1708 0 shot07479_246 0.3814566807458535
1708 0 shot07478_203 0.38125064386525187
1708 0 shot07479_276 0.38116822911301124
1708 0 shot07477_42 0.3810858143607705
1708 0 shot07478_229 0.3809621922324096
1708 0 shot07478_70 0.3809621922324096
1708 0 shot07477_85 0.3809209848562892
1708 0 shot07479_317 0.3809209848562892
1708 0 shot07479_320 0.3805501184712063
1708 0 shot07478_172 0.38046770371896566
1708 0 shot07479_318 0.38026166683836404
1708 0 shot07478_158 0.380138044710003
1708 0 shot07477_27 0.37984959307716076
1708 0 shot07478_87 0.3789430308025136
1708 0 shot07478_116 0.378736993921912
1708 0 shot07478_184 0.3786545791696714
1708 0 shot07479_158 0.3786545791696714
1708 0 shot07478_185 0.37844854228906977
1708 0 shot07478_165 0.37840733491294937
1708 0 shot07477_24 0.3781188832801071
1708 0 shot07479_251 0.37799526115174614
1708 0 shot07479_99 0.37766560214278355
1708 0 shot07478_56 0.3773359431338209
1708 0 shot07479_14 0.37729473575770056
1708 0 shot07479_186 0.37663541773977544
1708 0 shot07477_28 0.3765117956114144
1708 0 shot07478_219 0.3763881734830534
1708 0 shot07479_232 0.37634696610693313
1708 0 shot07478_84 0.3760585144740908
1708 0 shot07478_104 0.37597609972185014
1708 0 shot07478_220 0.3758524775934893
1708 0 shot07478_154 0.3756876480890079
1708 0 shot07478_110 0.37564644071288755
1708 0 shot07479_160 0.37560523333676726
1708 0 shot07479_254 0.3754816112084063
1708 0 shot07478_62 0.3751107448233233
1708 0 shot07479_182 0.3751107448233233
1708 0 shot07477_91 0.37506953744720306
1708 0 shot07479_213 0.37502833007108266
1708 0 shot07477_9 0.3749871226949624
1708 0 shot07479_175 0.3749871226949624
1708 0 shot07478_174 0.37482229319048105
1708 0 shot07479_190 0.37461625630987944
1708 0 shot07479_165 0.3745338415576388
1708 0 shot07479_270 0.37445142680539817
1708 0 shot07479_235 0.3740805604203152
1708 0 shot07479_315 0.3740393530441949
1708 0 shot07479_42 0.3740393530441949
1708 0 shot07478_226 0.3738333161635933
1708 0 shot07479_141 0.373297620274029
1708 0 shot07479_274 0.373297620274029
1708 0 shot07479_199 0.37296796126506643
1708 0 shot07478_183 0.3727207170083445
1708 0 shot07478_134 0.3725146801277428
1708 0 shot07479_303 0.3725146801277428
1708 0 shot07480_115 0.3722674358710209
1708 0 shot07479_187 0.3720613989904193
1708 0 shot07479_134 0.3718141547336973
1708 0 shot07477_86 0.3712784588441331
1708 0 shot07478_85 0.3712784588441331
1708 0 shot07479_241 0.3712784588441331
1708 0 shot07479_156 0.3711136293396517
1708 0 shot07479_170 0.37103121458741106
1708 0 shot07478_234 0.37045431132172657
1708 0 shot07479_35 0.3699186154321623
1708 0 shot07479_184 0.36967137117544036
1708 0 shot07479_288 0.3693005047903574
1708 0 shot07478_238 0.36798186875450706
1708 0 shot07477_43 0.3679406613783867
1708 0 shot07478_131 0.36777583187390545
1708 0 shot07478_200 0.36695168435149883
1708 0 shot07479_168 0.3668692695992582
1708 0 shot07478_168 0.36678685484701756
1708 0 shot07479_97 0.3666632327186566
1708 0 shot07479_41 0.36662202534253624
1708 0 shot07479_48 0.3664984032141753
1708 0 shot07478_249 0.3664159884619346
1708 0 shot07480_65 0.3664159884619346
1708 0 shot07479_322 0.36637478108581434
1708 0 shot07479_107 0.36579787782012985
1708 0 shot07477_40 0.3652621819305656
1708 0 shot07479_84 0.36517976717832495
1708 0 shot07479_115 0.36485010816936225
1708 0 shot07479_46 0.3645204491603997
1708 0 shot07479_297 0.36439682703203874
1708 0 shot07477_81 0.3643556196559184
1708 0 shot07479_296 0.3639023385185948
1708 0 shot07478_187 0.36320181312454924
1708 0 shot07479_157 0.36316060574842896
1708 0 shot07478_118 0.36295456886782734
1708 0 shot07478_82 0.3628721541155867
1708 0 shot07479_324 0.3624188729782631
1708 0 shot07479_172 0.36225404347378176
1708 0 shot07477_108 0.36217162872154113
1708 0 shot07479_114 0.36213042134542084
1708 0 shot07478_55 0.36175955496033785
1708 0 shot07478_217 0.3617183475842176
1708 0 shot07479_51 0.3611414443185329
1708 0 shot07479_93 0.36105902956629227
1708 0 shot07479_328 0.36097661481405163
1708 0 shot07479_321 0.36060574842896875
1708 0 shot07478_92 0.3605233336767281
1708 0 shot07479_331 0.3604821263006078
1708 0 shot07479_43 0.35982280828268254
1708 0 shot07478_150 0.35978160090656225
1708 0 shot07478_68 0.3595343566498403
1708 0 shot07479_61 0.3594931492737199
1708 0 shot07478_149 0.35945194189759966
1708 0 shot07479_205 0.35941073452147926
1708 0 shot07478_106 0.359369527145359
1708 0 shot07479_161 0.35899866076027603
1708 0 shot07479_38 0.3589162460080354
1708 0 shot07479_108 0.3587926238796744
1708 0 shot07478_130 0.3582157206139899
1708 0 shot07478_186 0.3582157206139899
1708 0 shot07479_92 0.35817451323786953
1708 0 shot07477_33 0.3579684763572679
1708 0 shot07479_113 0.3576388173483054
1708 0 shot07477_109 0.35743278046770366
1708 0 shot07478_173 0.35640259606469554
1708 0 shot07479_230 0.3559905223034923
1708 0 shot07478_96 0.35578448542289065
1708 0 shot07477_56 0.3552487895333264
1708 0 shot07479_248 0.35516637478108576
1708 0 shot07479_329 0.3549603379004842
1708 0 shot07479_145 0.3547130936437622
1708 0 shot07479_27 0.35463067889152156
1708 0 shot07477_32 0.35442464201091994
1708 0 shot07478_111 0.35442464201091994
1708 0 shot07479_109 0.3540949830019573
1708 0 shot07478_127 0.3538477387452354
1708 0 shot07477_59 0.3531060059750695
1708 0 shot07477_30 0.35281755434222717
1708 0 shot07478_156 0.35257031008550527
1708 0 shot07479_244 0.35236427320490366
1708 0 shot07478_73 0.3518697846914597
1708 0 shot07479_103 0.35158133305861744
1708 0 shot07478_242 0.3511280519212939
1708 0 shot07479_111 0.35075718553621094
1708 0 shot07477_107 0.3507159781600906
1708 0 shot07478_151 0.3506747707839703
1708 0 shot07479_94 0.3490676831152776
1708 0 shot07479_268 0.34840836509735235
1708 0 shot07477_104 0.3483671577212321
1708 0 shot07478_225 0.34820232821675073
1708 0 shot07478_191 0.347089729061502
1708 0 shot07479_242 0.347089729061502
1708 0 shot07478_207 0.3465540331719377
1708 0 shot07479_91 0.34585350777789226
1708 0 shot07479_173 0.34461728649428247
1708 0 shot07478_140 0.3443288348614401
1708 0 shot07479_240 0.34379313897187597
1708 0 shot07479_259 0.34358710209127435
1708 0 shot07479_169 0.34251571031214584
1708 0 shot07479_55 0.34193880704646135
1708 0 shot07478_72 0.34119707427629536
1708 0 shot07479_181 0.34115586690017513
1708 0 shot07477_103 0.34020809724940765
1708 0 shot07478_152 0.3390542907180385
1708 0 shot07479_174 0.33798289893891004
1708 0 shot07479_130 0.3378592768105491
1708 0 shot07477_106 0.3377768620583084
1708 0 shot07479_30 0.3360461522612548
1708 0 shot07477_70 0.3355104563716905
1708 0 shot07479_237 0.33406819820747913
1708 0 shot07478_105 0.3334088801895539
1708 0 shot07479_289 0.3334088801895539
1708 0 shot07479_341 0.3334088801895539
1708 0 shot07478_129 0.331266096631297
1708 0 shot07479_191 0.3311012671268157
1708 0 shot07479_96 0.33019470485216845
1708 0 shot07477_87 0.3294941794581229
1708 0 shot07478_53 0.32834037292675383
1708 0 shot07480_107 0.32673328525806117
1708 0 shot07478_133 0.32537344184609046
1708 0 shot07477_88 0.32351910992067573
1708 0 /nshot07479_100 0.32195322962810335
1708 0 shot07478_146 0.31865663953847734
1708 0 shot07479_323 0.315566086329453
1708 0 shot07478_252 0.315071597816009
1708 0 shot07477_68 0.3125991552487895
1708 0 shot07478_251 0.31198104460698456
1708 0 shot07478_171 0.3119398372308643
1708 0 shot07478_235 0.3118162151025033
1708 0 shot07479_74 0.31140414134130007
1708 0 shot07478_57 0.3095910167920058
1708 0 shot07479_222 0.3078190996188317
1708 0 shot07478_157 0.3074482332337488
1708 0 shot07479_120 0.30291542186051307
1708 0 shot07479_32 0.30209127433810645
1708 0 shot07479_127 0.3010198825589781
1708 0 shot07478_211 0.2983826104872772
1708 0 shot07478_167 0.296322241681261
1708 0 shot07479_239 0.2957453384155764
1708 0 shot07477_105 0.29553930153497476
1708 0 shot07479_56 0.2913773565468219
1708 0 shot07479_47 0.28853404759451945
1708 0 shot07480_73 0.28754507056763157
1708 0 shot07477_22 0.2856083238899763
1708 0 shot07478_199 0.2846193468630885
1708 0 shot07479_231 0.28053981662717625
1708 0 /nshot07477_102 0.28008653548985263
1708 0 shot07480_43 0.2761718347584217
1708 0 shot07478_45 0.26323271865663955
1708 0 shot07478_46 0.26323271865663955
1708 0 shot07480_98 0.26207891212527046
1708 0 shot07479_233 0.2617904604924281
1708 0 shot07479_234 0.2540434737818069
1708 0 shot07477_35 0.25223034923251264
1708 0 shot07478_255 0.25161223859070775
1708 0 shot07478_95 0.2467497682085093
1708 0 shot07478_37 0.2381374265993613
1708 0 shot07478_143 0.23764293808591735
1708 0 shot07478_254 0.23401668898732866
1708 0 shot07477_26 0.23137941691562794
1708 0 shot07480_92 0.2276707530647986
1708 0 shot07477_21 0.2221077572885547
1708 0 shot07478_83 0.22128360976614808
1708 0 shot07477_60 0.2159266508705058
1708 0 shot07478_107 0.21559699186154324
1708 0 shot07480_99 0.21473163696301642
1708 0 shot07477_11 0.2114762542495106
1708 0 shot07479_6 0.2088801895539301
1708 0 shot07479_86 0.2088801895539301
1708 0 shot07479_194 0.20698465025239515
1708 0 shot07479_238 0.19763057587308128
1708 0 shot07479_336 0.19412794890285362
1708 0 shot07480_36 0.19293293499536412
1708 0 shot07479_236 0.192026372720717
1708 0 shot07478_243 0.188482538374369
1708 0 shot07480_112 0.17958174513237868
1708 0 shot07478_38 0.1758318739054291
1708 0 shot07480_97 0.1696507674873802
1708 0 shot07478_125 0.14430823117338004
1708 0 shot07480_15 0.14278355825692798
1708 0 shot07479_225 0.13804471000309051
1708 0 shot07478_181 0.1380035026269702
1708 0 shot07480_78 0.13783867312248893
1708 0 shot07479_102 0.13668486659111984
1708 0 shot07480_80 0.13483053466570513
1708 0 shot07479_166 0.13367672813433604
1708 0 shot07480_81 0.1305861749253116
1708 0 shot07480_77 0.13038013804471
1708 0 shot07478_24 0.1287730503760173
1708 0 shot07480_79 0.12440506850726281
1708 0 shot07478_126 0.12217987019676521
1708 0 shot07477_83 0.11727619243844646
1708 0 /nshot07480_100 0.11628721541155866
1708 0 shot07477_75 0.1161635932831977
1708 0 shot07480_62 0.11546306788915216
1708 0 shot07480_102 0.11171319666220257
1708 0 shot07479_136 0.11047697537859276
1708 0 shot07480_83 0.10705676316060575
1708 0 shot07478_22 0.10479035747398782
1708 0 shot07479_255 0.10458432059338622
1708 0 shot07480_85 0.10429586896054388
