1710 0 shot07476_5 1.0
1710 0 shot07476_7 0.9859310045837842
1710 0 shot07476_6 0.9600866719514876
1710 0 shot07476_3 0.6967649660953648
1710 0 shot07476_4 0.645988373611197
1710 0 shot07476_1 0.5977629580527595
1710 0 shot07476_2 0.4140688149515379
1710 0 shot07479_34 0.3516302842465952
1710 0 shot07476_10 0.2593504353456408
1710 0 shot07476_8 0.2593504353456408
1710 0 shot07476_9 0.2593504353456408
1710 0 shot07476_12 0.24035610346175532
1710 0 shot07479_159 0.23857770047652802
1710 0 shot07476_11 0.20319489108294425
1710 0 shot07479_168 0.1829201416876877
1710 0 shot07479_170 0.17536132855377648
1710 0 shot07479_172 0.17006443284510733
1710 0 shot07480_13 0.16395887522136796
1710 0 shot07479_263 0.16351427447506114
1710 0 shot07480_96 0.16320552395679253
1710 0 shot07480_55 0.1612912707435271
1710 0 shot07480_49 0.15898181686687782
1710 0 shot07479_293 0.15827786568522534
1710 0 shot07479_229 0.1536704792662665
1710 0 shot07479_155 0.14932974708491348
1710 0 shot07479_36 0.14841555409034912
1710 0 shot07480_56 0.14579199472644236
1710 0 shot07476_14 0.1454955942289045
1710 0 shot07480_5 0.133034423311583
1710 0 shot07479_227 0.1273040136925174
1710 0 shot07479_253 0.12475990942198398
1710 0 shot07479_131 0.12431530867567717
1710 0 shot07479_302 0.12205525488195088
1710 0 shot07480_67 0.11993105131626276
1710 0 shot07479_273 0.11907889988584137
1710 0 shot07479_321 0.11784630466972566
1710 0 shot07480_57 0.1170781965274607
1710 0 shot07479_327 0.11683119611284583
1710 0 shot07480_42 0.11597904468242443
1710 0 shot07479_183 0.1141265415728127
1710 0 shot07479_175 0.11306540232094438
1710 0 shot07476_13 0.11300268968631491
1710 0 shot07479_237 0.11159784207554257
1710 0 shot07479_144 0.11094373128014737
1710 0 shot07479_275 0.1065189288026739
1710 0 shot07480_88 0.1053827268954454
1710 0 shot07479_202 0.10529627675033017
1710 0 shot07480_60 0.10529627675033017
1710 0 shot07479_173 0.09922470620659185
1710 0 shot07479_247 0.0943125733930857
1710 0 shot07479_169 0.09331187196130829
1710 0 shot07479_158 0.0912834240343556
1710 0 shot07477_38 0.08954883793467937
1710 0 shot07479_74 0.08806970213380201
1710 0 shot07479_141 0.08647953223654282
1710 0 shot07479_312 0.08615774355438834
1710 0 shot07479_316 0.08539091248918573
1710 0 shot07479_324 0.08360389758750252
1710 0 shot07478_95 0.0820793423623841
1710 0 shot07479_322 0.07480176314823962
1710 0 shot07477_36 0.07410012438446881
1710 0 shot07477_52 0.07410012438446881
1710 0 shot07477_62 0.07410012438446881
1710 0 shot07477_64 0.07410012438446881
1710 0 shot07477_65 0.07410012438446881
1710 0 shot07477_72 0.07410012438446881
1710 0 shot07477_93 0.07410012438446881
1710 0 shot07477_95 0.07410012438446881
1710 0 shot07477_96 0.07410012438446881
1710 0 shot07477_98 0.07410012438446881
1710 0 shot07478_40 0.07410012438446881
1710 0 shot07478_41 0.07410012438446881
1710 0 shot07478_42 0.07410012438446881
1710 0 shot07478_64 0.07410012438446881
1710 0 shot07479_104 0.07410012438446881
1710 0 shot07479_105 0.07410012438446881
1710 0 shot07479_106 0.07410012438446881
1710 0 shot07479_110 0.07410012438446881
1710 0 shot07479_112 0.07410012438446881
1710 0 shot07479_121 0.07410012438446881
1710 0 shot07479_122 0.07410012438446881
1710 0 shot07479_123 0.07410012438446881
1710 0 shot07479_126 0.07410012438446881
1710 0 shot07479_128 0.07410012438446881
1710 0 shot07479_129 0.07410012438446881
1710 0 shot07479_12 0.07410012438446881
1710 0 shot07479_132 0.07410012438446881
1710 0 shot07479_138 0.07410012438446881
1710 0 shot07479_142 0.07410012438446881
1710 0 shot07479_143 0.07410012438446881
1710 0 shot07479_146 0.07410012438446881
1710 0 shot07479_147 0.07410012438446881
1710 0 shot07479_148 0.07410012438446881
1710 0 shot07479_149 0.07410012438446881
1710 0 shot07479_150 0.07410012438446881
1710 0 shot07479_151 0.07410012438446881
1710 0 shot07479_152 0.07410012438446881
1710 0 shot07479_153 0.07410012438446881
1710 0 shot07479_154 0.07410012438446881
1710 0 shot07479_162 0.07410012438446881
1710 0 shot07479_163 0.07410012438446881
1710 0 shot07479_164 0.07410012438446881
1710 0 shot07479_171 0.07410012438446881
1710 0 shot07479_176 0.07410012438446881
1710 0 shot07479_179 0.07410012438446881
1710 0 shot07479_17 0.07410012438446881
1710 0 shot07479_180 0.07410012438446881
1710 0 shot07479_188 0.07410012438446881
1710 0 shot07479_18 0.07410012438446881
1710 0 shot07479_192 0.07410012438446881
1710 0 shot07479_196 0.07410012438446881
1710 0 shot07479_197 0.07410012438446881
1710 0 shot07479_198 0.07410012438446881
1710 0 shot07479_19 0.07410012438446881
1710 0 shot07479_200 0.07410012438446881
1710 0 shot07479_201 0.07410012438446881
1710 0 shot07479_204 0.07410012438446881
1710 0 shot07479_208 0.07410012438446881
1710 0 shot07479_214 0.07410012438446881
1710 0 shot07479_215 0.07410012438446881
1710 0 shot07479_216 0.07410012438446881
1710 0 shot07479_220 0.07410012438446881
1710 0 shot07479_22 0.07410012438446881
1710 0 shot07479_23 0.07410012438446881
1710 0 shot07479_243 0.07410012438446881
1710 0 shot07479_250 0.07410012438446881
1710 0 shot07479_252 0.07410012438446881
1710 0 shot07479_256 0.07410012438446881
1710 0 shot07479_257 0.07410012438446881
1710 0 shot07479_25 0.07410012438446881
1710 0 shot07479_262 0.07410012438446881
1710 0 shot07479_267 0.07410012438446881
1710 0 shot07479_269 0.07410012438446881
1710 0 shot07479_277 0.07410012438446881
1710 0 shot07479_280 0.07410012438446881
1710 0 shot07479_282 0.07410012438446881
1710 0 shot07479_283 0.07410012438446881
1710 0 shot07479_284 0.07410012438446881
1710 0 shot07479_285 0.07410012438446881
1710 0 shot07479_286 0.07410012438446881
1710 0 shot07479_287 0.07410012438446881
1710 0 shot07479_28 0.07410012438446881
1710 0 shot07479_290 0.07410012438446881
1710 0 shot07479_291 0.07410012438446881
1710 0 shot07479_294 0.07410012438446881
1710 0 shot07479_295 0.07410012438446881
1710 0 shot07479_308 0.07410012438446881
1710 0 shot07479_310 0.07410012438446881
1710 0 shot07479_319 0.07410012438446881
1710 0 shot07479_31 0.07410012438446881
1710 0 shot07479_326 0.07410012438446881
1710 0 shot07479_330 0.07410012438446881
1710 0 shot07479_332 0.07410012438446881
1710 0 shot07479_334 0.07410012438446881
1710 0 shot07479_338 0.07410012438446881
1710 0 shot07479_33 0.07410012438446881
1710 0 shot07479_340 0.07410012438446881
1710 0 shot07479_37 0.07410012438446881
1710 0 shot07479_39 0.07410012438446881
1710 0 shot07479_40 0.07410012438446881
1710 0 shot07479_44 0.07410012438446881
1710 0 shot07479_45 0.07410012438446881
1710 0 shot07479_4 0.07410012438446881
1710 0 shot07479_53 0.07410012438446881
1710 0 shot07479_5 0.07410012438446881
1710 0 shot07479_60 0.07410012438446881
1710 0 shot07479_62 0.07410012438446881
1710 0 shot07479_63 0.07410012438446881
1710 0 shot07479_64 0.07410012438446881
1710 0 shot07479_65 0.07410012438446881
1710 0 shot07479_66 0.07410012438446881
1710 0 shot07479_69 0.07410012438446881
1710 0 shot07479_70 0.07410012438446881
1710 0 shot07479_71 0.07410012438446881
1710 0 shot07479_72 0.07410012438446881
1710 0 shot07479_76 0.07410012438446881
1710 0 shot07479_77 0.07410012438446881
1710 0 shot07479_78 0.07410012438446881
1710 0 shot07479_79 0.07410012438446881
1710 0 shot07479_7 0.07410012438446881
1710 0 shot07479_80 0.07410012438446881
1710 0 shot07479_81 0.07410012438446881
1710 0 shot07479_8 0.07410012438446881
1710 0 shot07479_90 0.07410012438446881
1710 0 shot07479_95 0.07410012438446881
1710 0 shot07480_100 0.07410012438446881
1710 0 shot07480_101 0.07410012438446881
1710 0 shot07480_103 0.07410012438446881
1710 0 shot07480_104 0.07410012438446881
1710 0 shot07480_105 0.07410012438446881
1710 0 shot07480_109 0.07410012438446881
1710 0 shot07480_10 0.07410012438446881
1710 0 shot07480_113 0.07410012438446881
1710 0 shot07480_14 0.07410012438446881
1710 0 shot07480_17 0.07410012438446881
1710 0 shot07480_18 0.07410012438446881
1710 0 shot07480_19 0.07410012438446881
1710 0 shot07480_1 0.07410012438446881
1710 0 shot07480_20 0.07410012438446881
1710 0 shot07480_21 0.07410012438446881
1710 0 shot07480_22 0.07410012438446881
1710 0 shot07480_23 0.07410012438446881
1710 0 shot07480_24 0.07410012438446881
1710 0 shot07480_25 0.07410012438446881
1710 0 shot07480_26 0.07410012438446881
1710 0 shot07480_33 0.07410012438446881
1710 0 shot07480_41 0.07410012438446881
1710 0 shot07480_45 0.07410012438446881
1710 0 shot07480_47 0.07410012438446881
1710 0 shot07480_48 0.07410012438446881
1710 0 shot07480_51 0.07410012438446881
1710 0 shot07480_52 0.07410012438446881
1710 0 shot07480_53 0.07410012438446881
1710 0 shot07480_58 0.07410012438446881
1710 0 shot07480_59 0.07410012438446881
1710 0 shot07480_61 0.07410012438446881
1710 0 shot07480_63 0.07410012438446881
1710 0 shot07480_68 0.07410012438446881
1710 0 shot07480_74 0.07410012438446881
1710 0 shot07480_75 0.07410012438446881
1710 0 shot07480_7 0.07410012438446881
1710 0 shot07480_89 0.07410012438446881
1710 0 shot07480_91 0.07410012438446881
1710 0 shot07480_93 0.07410012438446881
1710 0 shot07480_95 0.07410012438446881
1710 0 shot07480_9 0.07410012438446881
1710 0 shot07480_2 0.07405566430983812
1710 0 shot07479_137 0.07351226339768537
1710 0 shot07479_232 0.07290514625857852
1710 0 shot07479_193 0.07243040158167212
1710 0 shot07479_15 0.07209942102608813
1710 0 shot07478_44 0.07132877973248967
1710 0 shot07478_43 0.07096815912715192
1710 0 shot07479_177 0.06977761712870813
1710 0 shot07479_51 0.06941549080884288
1710 0 shot07480_3 0.06844381488978768
1710 0 shot07479_299 0.06843887488149537
1710 0 shot07479_228 0.06786089391129653
1710 0 shot07479_331 0.06763784068087937
1710 0 shot07477_66 0.06715447272549792
1710 0 shot07477_67 0.06684325220308315
1710 0 shot07480_37 0.06658143176359137
1710 0 shot07479_301 0.06454614834716463
1710 0 shot07477_94 0.06410648760915011
1710 0 shot07476_15 0.06307896588435213
1710 0 shot07478_233 0.06262942512975304
1710 0 shot07478_162 0.0622391644746615
1710 0 shot07479_266 0.06193288396053904
1710 0 shot07477_110 0.061745163645431714
1710 0 shot07479_56 0.06145286088477229
1710 0 shot07479_75 0.06140924308155545
1710 0 shot07479_67 0.06137466302350936
1710 0 shot07479_298 0.06112766260889447
1710 0 shot07479_195 0.06091030224403336
1710 0 shot07480_70 0.05970000021242036
1710 0 shot07480_108 0.05879597869492984
1710 0 shot07479_125 0.058292097849115446
1710 0 shot07479_304 0.05709661584237937
1710 0 shot07479_313 0.056419834706334555
1710 0 shot07479_24 0.05551087318055173
1710 0 shot07479_16 0.05531821285715212
1710 0 shot07479_335 0.05527375278252143
1710 0 shot07477_97 0.05411779084212371
1710 0 shot07479_311 0.05306062906757196
1710 0 shot07479_133 0.05239866795640403
1710 0 shot07478_230 0.05135632620672918
1710 0 shot07479_271 0.051000645609683724
1710 0 shot07479_13 0.0489456021600878
1710 0 shot07480_114 0.048333041131842856
1710 0 shot07480_44 0.047863740344074555
1710 0 shot07479_305 0.0470239389343839
1710 0 shot07479_309 0.04697453885146092
1710 0 shot07478_182 0.04681151857781509
1710 0 shot07479_264 0.04671765842026143
1710 0 shot07479_339 0.04671271841196913
1710 0 shot07479_261 0.046653438312461555
1710 0 shot07478_208 0.046618858254415474
1710 0 shot07478_63 0.046574398179784794
1710 0 shot07478_90 0.046574398179784794
1710 0 shot07478_138 0.04647559801393883
1710 0 shot07479_226 0.04647065800564654
1710 0 shot07478_114 0.04639655788126207
1710 0 shot07478_147 0.04639161787296977
1710 0 shot07478_67 0.04639161787296977
1710 0 shot07478_115 0.04638173785638516
1710 0 shot07479_50 0.0463076377320007
1710 0 shot07479_54 0.04627305767395462
1710 0 shot07479_206 0.046228597599323934
1710 0 shot07477_25 0.046223657591031635
1710 0 shot07478_196 0.046208837566154744
1710 0 shot07479_21 0.04617919751640096
1710 0 shot07479_52 0.046129797433477976
1710 0 shot07478_89 0.04605075730080121
1710 0 shot07478_139 0.04604581729250892
1710 0 shot07477_90 0.04603593727592432
1710 0 shot07478_71 0.04603099726763202
1710 0 shot07479_272 0.04602605725933972
1710 0 shot07479_258 0.04601617724275513
1710 0 shot07479_333 0.04597171716812445
1710 0 shot07479_10 0.04592231708520147
1710 0 shot07479_337 0.045882797018863074
1710 0 shot07479_314 0.0458679769939862
1710 0 shot07478_88 0.045848216960817006
1710 0 shot07478_93 0.04584327695252469
1710 0 shot07477_71 0.0458383369442324
1710 0 shot07479_203 0.04575435680326334
1710 0 shot07479_246 0.045729656761801844
1710 0 shot07478_203 0.04570495672034036
1710 0 shot07479_276 0.04569507670375576
1710 0 shot07477_42 0.04568519668717116
1710 0 shot07478_229 0.045670376662294274
1710 0 shot07478_70 0.045670376662294274
1710 0 shot07477_85 0.04566543665400197
1710 0 shot07479_317 0.04566543665400197
1710 0 shot07479_320 0.045620976579371295
1710 0 shot07478_172 0.045611096562786696
1710 0 shot07479_318 0.04558639652132521
1710 0 shot07478_158 0.04557157649644831
1710 0 shot07477_27 0.04553699643840223
1710 0 shot07478_87 0.04542831625597167
1710 0 shot07478_116 0.04540361621451019
1710 0 shot07478_184 0.04539373619792559
1710 0 shot07478_185 0.04536903615646411
1710 0 shot07478_165 0.045364096148171794
1710 0 shot07477_24 0.04532951609012571
1710 0 shot07479_251 0.04531469606524882
1710 0 shot07478_56 0.045235655932572054
1710 0 shot07479_14 0.045230715924279755
1710 0 shot07479_186 0.045151675791603
1710 0 shot07477_28 0.045136855766726096
1710 0 shot07478_219 0.045122035741849205
1710 0 shot07478_84 0.04508251567551081
1710 0 shot07478_104 0.04507263565892622
1710 0 shot07478_220 0.045057815634049335
1710 0 shot07478_154 0.04503805560088014
1710 0 shot07478_110 0.04503311559258784
1710 0 shot07479_160 0.04502817558429554
1710 0 shot07479_254 0.04501335555941865
1710 0 shot07478_62 0.04496889548478796
1710 0 shot07479_182 0.04496889548478796
1710 0 shot07477_91 0.044963955476495676
1710 0 shot07479_213 0.04495901546820337
1710 0 shot07477_9 0.04495407545991108
1710 0 shot07478_174 0.04493431542674188
1710 0 shot07479_190 0.04490961538528039
1710 0 shot07479_165 0.0448997353686958
1710 0 shot07479_270 0.0448898553521112
1710 0 shot07479_235 0.044845395277480514
1710 0 shot07479_315 0.04484045526918822
1710 0 shot07479_42 0.04484045526918822
1710 0 shot07478_226 0.04481575522772673
1710 0 shot07479_274 0.044751535119926855
1710 0 shot07478_78 0.044716955061880774
1710 0 shot07479_199 0.044712015053588475
1710 0 shot07477_83 0.04471012797042082
1710 0 shot07478_183 0.04468237500383469
1710 0 shot07478_134 0.044657674962373196
1710 0 shot07479_303 0.044657674962373196
1710 0 shot07480_115 0.04462803491261941
1710 0 shot07479_187 0.044603334871157925
1710 0 shot07479_134 0.04457369482140413
1710 0 shot07477_86 0.04450947471360426
1710 0 shot07478_85 0.04450947471360426
1710 0 shot07479_241 0.04450947471360426
1710 0 shot07479_156 0.04448971468043506
1710 0 shot07478_234 0.0444106745477583
1710 0 shot07479_35 0.044346454439958424
1710 0 shot07479_184 0.04431681439020464
1710 0 shot07479_288 0.044272354315573956
1710 0 shot07478_238 0.04411427405022043
1710 0 shot07477_43 0.04410933404192813
1710 0 shot07478_131 0.044089574008758944
1710 0 shot07478_200 0.04399077384291297
1710 0 shot07478_168 0.04397101380974378
1710 0 shot07479_97 0.04395619378486689
1710 0 shot07479_41 0.04395125377657459
1710 0 shot07479_48 0.0439364337516977
1710 0 shot07478_249 0.0439265537351131
1710 0 shot07480_65 0.0439265537351131
1710 0 shot07479_107 0.04385245361072865
1710 0 shot07477_40 0.04378823350292877
1710 0 shot07479_84 0.04377835348634417
1710 0 shot07479_115 0.043738833420005785
1710 0 shot07479_46 0.043699313353667404
1710 0 shot07479_297 0.043684493328790513
1710 0 shot07477_81 0.043679553320498214
1710 0 shot07479_296 0.043625213229282936
1710 0 shot07480_62 0.043571960927893616
1710 0 shot07478_187 0.04354123308831387
1710 0 shot07479_157 0.04353629308002157
1710 0 shot07478_118 0.04351159303856008
1710 0 shot07478_82 0.04350171302197549
1710 0 shot07477_108 0.04341773288100642
1710 0 shot07479_114 0.04341279287271412
1710 0 shot07478_55 0.043368332798083435
1710 0 shot07478_217 0.04336339278979115
1710 0 shot07479_93 0.04328435265711437
1710 0 shot07479_328 0.043274472640529776
1710 0 shot07478_92 0.043220132549314505
1710 0 shot07479_43 0.04313615240834544
1710 0 shot07478_150 0.04313121240005314
1710 0 shot07478_68 0.04310157235029936
1710 0 shot07479_61 0.04309663234200705
1710 0 shot07478_149 0.04309169233371476
1710 0 shot07479_205 0.04308675232542245
1710 0 shot07478_106 0.043081812317130166
1710 0 shot07479_161 0.04303735224249948
1710 0 shot07479_38 0.04302747222591488
1710 0 shot07479_108 0.04301265220103799
1710 0 shot07478_130 0.04294349208494582
1710 0 shot07478_186 0.04294349208494582
1710 0 shot07479_92 0.04293855207665352
1710 0 shot07477_33 0.04291385203519203
1710 0 shot07479_113 0.04287433196885365
1710 0 shot07477_109 0.042849631927392155
1710 0 shot07478_173 0.042726131720084715
1710 0 shot07479_230 0.042676731637161736
1710 0 shot07478_96 0.04265203159570024
1710 0 shot07477_56 0.04258781148790036
1710 0 shot07479_248 0.04257793147131577
1710 0 shot07479_329 0.042553231429854295
1710 0 shot07479_145 0.0425235913801005
1710 0 shot07479_27 0.0425137113635159
1710 0 shot07477_32 0.04248901132205442
1710 0 shot07478_111 0.04248901132205442
1710 0 shot07479_109 0.042449491255716024
1710 0 shot07478_127 0.04241985120596224
1710 0 shot07477_59 0.042330931056700875
1710 0 shot07477_30 0.04229635099865479
1710 0 shot07478_156 0.042266710948901
1710 0 shot07479_244 0.042242010907439516
1710 0 shot07478_73 0.04218273080793193
1710 0 shot07479_103 0.04214815074988585
1710 0 shot07478_242 0.04209381065867058
1710 0 shot07479_111 0.04204935058403989
1710 0 shot07477_107 0.0420444105757476
1710 0 shot07478_151 0.0420394705674553
1710 0 shot07479_94 0.04184681024405568
1710 0 shot07479_268 0.04176777011137891
1710 0 shot07477_104 0.04176283010308662
1710 0 shot07478_225 0.041743070069917426
1710 0 shot07478_191 0.04160968984602539
1710 0 shot07479_242 0.04160968984602539
1710 0 shot07478_207 0.04154546973822551
1710 0 shot07479_91 0.04146148959725645
1710 0 shot07478_140 0.04127870929044142
1710 0 shot07479_240 0.04121448918264155
1710 0 shot07479_259 0.041189789141180065
1710 0 shot07479_55 0.04099218880948815
1710 0 shot07478_72 0.04090326866022677
1710 0 shot07479_181 0.04089832865193448
1710 0 shot07477_103 0.040784708461211634
1710 0 shot07478_152 0.04064638822902729
1710 0 shot07479_174 0.04051794801342754
1710 0 shot07479_130 0.04050312798855065
1710 0 shot07477_106 0.04049324797196606
1710 0 shot07479_30 0.040285767623689545
1710 0 shot07477_70 0.04022154751588967
1710 0 shot07478_105 0.039969607092982466
1710 0 shot07479_289 0.039969607092982466
1710 0 shot07479_341 0.039969607092982466
1710 0 shot07478_129 0.039712726661782986
1710 0 shot07479_191 0.039692966628613796
1710 0 shot07479_96 0.03958428644618323
1710 0 shot07477_87 0.039500306305214165
1710 0 shot07478_53 0.03936198607302983
1710 0 shot07480_107 0.0391693257496302
1710 0 shot07478_133 0.03900630547598438
1710 0 shot07477_88 0.03878400510283097
1710 0 /nshot07479_100 0.038596284787723645
1710 0 shot07478_146 0.03820108412433981
1710 0 shot07479_323 0.03783058350241748
1710 0 shot07478_252 0.03777130340290989
1710 0 shot07477_68 0.03747490290537202
1710 0 shot07478_251 0.03740080278098755
1710 0 shot07478_171 0.037395862772695264
1710 0 shot07478_235 0.03738104274781836
1710 0 shot07478_57 0.03711428230003428
1710 0 shot07479_222 0.03690186194346546
1710 0 shot07478_157 0.03685740186883478
1710 0 shot07479_59 0.03685246186054249
1710 0 shot07479_120 0.03631400095668202
1710 0 shot07479_32 0.036215200790836045
1710 0 shot07479_127 0.03608676057523631
1710 0 shot07480_69 0.03582494013574452
1710 0 shot07478_211 0.03577060004452924
1710 0 shot07478_167 0.035523599629914346
1710 0 shot07479_239 0.03545443951382218
1710 0 shot07477_105 0.03542973947236069
1710 0 shot07479_47 0.03458993806267004
1710 0 shot07480_73 0.03447137786365489
1710 0 shot07477_22 0.034239197473916884
1710 0 shot07479_29 0.0342144974324554
1710 0 shot07478_199 0.03412063727490174
1710 0 shot07479_231 0.033631576453964244
1710 0 /nshot07477_102 0.03357723636274896
1710 0 shot07480_43 0.03310793557498066
1710 0 shot07479_57 0.032801655060858186
1710 0 shot07479_58 0.03246079448868963
1710 0 shot07478_45 0.03155677297119912
1710 0 shot07478_46 0.03155677297119912
1710 0 shot07480_98 0.03141845273901478
1710 0 shot07479_233 0.031383872680968684
1710 0 shot07479_234 0.03045515112201668
1710 0 shot07477_35 0.030237790757155575
1710 0 shot07478_255 0.030163690632771103
1710 0 shot07478_37 0.028548307921189685
1710 0 shot07478_143 0.028489027821682104
1710 0 shot07478_254 0.02805430709195988
1710 0 shot07477_26 0.027738146561252827
1710 0 shot07480_92 0.02729354581494601
1710 0 shot07477_21 0.026626644695485795
1710 0 shot07478_83 0.026527844529639827
1710 0 shot07477_60 0.025885643451641103
1710 0 shot07478_107 0.025846123385302722
1710 0 shot07480_99 0.02574238321116447
1710 0 shot07477_11 0.02535212255607292
1710 0 shot07479_6 0.025040902033658153
1710 0 shot07479_86 0.025040902033658153
1710 0 shot07479_194 0.02481366165221245
1710 0 shot07479_238 0.023692279769860828
1710 0 shot07479_336 0.023272379065015506
1710 0 shot07480_36 0.02312911882453886
1710 0 shot07479_236 0.023020438642108308
1710 0 shot07478_243 0.022595597928970687
1710 0 shot07479_185 0.022467157713370947
1710 0 shot07480_112 0.021528556137834335
1710 0 shot07478_38 0.021079015383235228
1710 0 shot07480_97 0.020338014139390535
1710 0 shot07478_30 0.020076193699898753
1710 0 shot07478_29 0.01777908984398022
1710 0 shot07478_25 0.017769209827395625
1710 0 shot07478_125 0.01729990903962732
1710 0 shot07480_15 0.017117128732812296
1710 0 shot07479_225 0.01654902777919803
1710 0 shot07478_181 0.016544087770905734
1710 0 shot07480_78 0.016524327737736544
1710 0 shot07479_102 0.016386007505552205
1710 0 shot07480_80 0.016163707132398793
1710 0 shot07480_81 0.015654886278292108
1710 0 shot07480_77 0.015630186236830622
1710 0 shot07478_24 0.015437525913431
1710 0 shot07480_79 0.014913885034447424
1710 0 shot07477_50 0.01478544481884768
1710 0 shot07478_126 0.014647124586663333
1710 0 shot07478_33 0.014182763807187335
1710 0 /nshot07480_100 0.01394070340086473
1710 0 shot07477_75 0.013925883375987838
1710 0 shot07480_102 0.013392362480419667
1710 0 shot07479_136 0.013244162231650725
1710 0 shot07480_83 0.012834141543389998
1710 0 shot07478_22 0.01256244108731361
1710 0 shot07479_255 0.012537741045852122
1710 0 shot07480_85 0.01250316098780603
