1711 0 shot07479_263 1.0
1711 0 shot07476_5 0.5623999999999999
1711 0 shot07476_7 0.5541333333333333
1711 0 shot07476_6 0.5388000000000001
1711 0 shot07479_34 0.5346666666666667
1711 0 shot07476_1 0.4987333333333333
1711 0 shot07479_93 0.4929333333333332
1711 0 shot07476_3 0.4847333333333334
1711 0 shot07479_205 0.48006666666666664
1711 0 shot07476_4 0.38660000000000005
1711 0 shot07479_168 0.38486666666666675
1711 0 shot07476_2 0.36900000000000005
1711 0 shot07479_170 0.3648666666666666
1711 0 shot07479_172 0.3583999999999999
1711 0 shot07477_48 0.3537333333333333
1711 0 shot07479_262 0.3388
1711 0 shot07480_106 0.30493333333333333
1711 0 shot07479_321 0.2291333333333334
1711 0 shot07479_237 0.22773333333333343
1711 0 shot07479_175 0.20813333333333336
1711 0 shot07479_105 0.19093333333333332
1711 0 shot07479_229 0.1882
1711 0 shot07478_137 0.1869333333333333
1711 0 shot07479_173 0.18666666666666668
1711 0 shot07479_36 0.1770666666666667
1711 0 shot07477_47 0.17473333333333332
