1712 0 shot07479_263 1.0
1712 0 shot07480_9 0.2518047267908144
1712 0 shot07480_5 0.23988696092270387
1712 0 shot07479_39 0.1550922635138051
1712 0 shot07476_5 0.14860953373494545
1712 0 shot07476_7 0.14642513565728624
1712 0 shot07476_6 0.14237342954549898
1712 0 shot07479_34 0.14128123050666935
1712 0 shot07476_1 0.13178614531426353
1712 0 shot07479_93 0.13025354343719614
1712 0 shot07476_3 0.12808676147306647
1712 0 shot07479_205 0.12685363352600074
1712 0 shot07476_4 0.1021558423576279
1712 0 shot07479_168 0.10169782340586064
1712 0 shot07476_2 0.09750518838583729
1712 0 shot07479_170 0.09641298934700764
1712 0 shot07479_172 0.09470422633464516
1712 0 shot07477_48 0.0934710983875795
1712 0 shot07480_26 0.09137478087756781
1712 0 shot07479_40 0.0891903827999086
1712 0 shot07480_58 0.08834480935049213
1712 0 shot07480_24 0.0835003781298769
1712 0 shot07480_106 0.08057610328397827
1712 0 shot07480_108 0.07916681420161747
1712 0 shot07479_131 0.07162711761098724
1712 0 shot07479_222 0.06887900390038369
1712 0 shot07479_321 0.06054658220092553
1712 0 shot07479_237 0.06017664381680582
1712 0 shot07480_10 0.05975385709209755
1712 0 shot07480_42 0.05973624097856804
1712 0 shot07479_183 0.05709382394914158
1712 0 shot07479_175 0.054997506439129894
1712 0 shot07480_57 0.051897070457936144
1712 0 shot07479_105 0.05045254914851634
1712 0 shot07480_14 0.04985360128851299
1712 0 shot07479_229 0.04973028849380643
1712 0 shot07479_173 0.04932511788262771
1712 0 shot07479_36 0.04678839753437829
1712 0 shot07479_275 0.04624229801496346
1712 0 shot07477_47 0.046171833560845435
1712 0 shot07478_43 0.045379108452017494
1712 0 shot07479_330 0.045326260111428936
