1713 0 shot07477_77 1.0
1713 0 shot07477_36 0.942841784626411
1713 0 shot07478_186 0.6882279161440602
1713 0 shot07479_93 0.6624260885146029
1713 0 shot07479_205 0.645135280415696
1713 0 shot07477_75 0.6241712954667621
1713 0 shot07479_40 0.5202472675147822
1713 0 shot07477_78 0.4993728722451172
1713 0 shot07477_48 0.4753628382010392
1713 0 shot07480_106 0.40978319297616916
1713 0 shot07479_227 0.38595233829062897
1713 0 shot07479_253 0.3674968643612257
1713 0 shot07479_95 0.35880666547213763
1713 0 shot07480_57 0.31177208385593963
1713 0 shot07479_161 0.3090843934778713
1713 0 shot07478_157 0.29869199068267327
1713 0 shot07480_41 0.28211790001791787
1713 0 shot07478_205 0.28184913098011105
1713 0 shot07478_156 0.27056083139222364
1713 0 shot07479_129 0.2576599175774951
1713 0 shot07479_105 0.25658484142626764
1713 0 shot07480_13 0.25282207489697184
1713 0 shot07479_63 0.24735710446156603
1713 0 shot07479_44 0.24225049274323593
1713 0 shot07477_47 0.23481454936391327
