1714 0 shot07476_8 1.0
1714 0 shot07476_5 0.7508664796170984
1714 0 shot07476_10 0.4951312097705891
1714 0 shot07476_11 0.4951312097705891
1714 0 shot07476_12 0.4951312097705891
1714 0 shot07476_6 0.4951312097705891
1714 0 shot07476_7 0.4951312097705891
1714 0 shot07476_9 0.4951312097705891
1714 0 shot07479_159 0.43961049678164704
1714 0 shot07476_4 0.41452384881993715
1714 0 shot07480_34 0.34411619079055944
1714 0 shot07476_3 0.3385047037464928
1714 0 shot07478_111 0.3053309126918633
1714 0 shot07479_67 0.2635748473345436
1714 0 shot07479_117 0.26182538372668757
1714 0 shot07480_27 0.2524508994883644
1714 0 shot07480_30 0.25136161082686903
1714 0 shot07480_31 0.25103152335368867
1714 0 shot07480_32 0.24934807724046862
1714 0 shot07478_186 0.24611322000330085
1714 0 shot07480_28 0.24367057270176593
1714 0 shot07480_29 0.24287836276613298
1714 0 shot07480_13 0.24017164548605377
1714 0 shot07479_37 0.23994058425482753
1714 0 shot07479_53 0.23677174451229574
1714 0 shot07476_1 0.2359465258293447
1714 0 shot07480_55 0.23304175606535726
1714 0 shot07479_144 0.22198382571381414
1714 0 shot07479_183 0.22185179072454195
1714 0 shot07480_2 0.21891401221323648
1714 0 shot07479_194 0.20650272322165367
1714 0 shot07480_3 0.20538042581284033
1714 0 shot07479_300 0.20465423337184355
1714 0 shot07479_236 0.20174946360785603
1714 0 shot07480_56 0.191615778181218
1714 0 shot07476_14 0.19082356824558508
1714 0 shot07479_169 0.19065852450899481
1714 0 shot07479_136 0.18983330582604385
1714 0 shot07480_1 0.18801782472355166
1714 0 shot07476_2 0.18319854761511803
1714 0 shot07479_158 0.15979534576662813
1714 0 shot07477_38 0.15114705396930184
1714 0 shot07480_108 0.1483413104472685
1714 0 shot07479_295 0.14778016174286182
1714 0 shot07479_141 0.14629476811355008
1714 0 shot07480_63 0.1458326456510975
1714 0 shot07479_228 0.14543654068328102
1714 0 shot07480_112 0.1416075259943885
1714 0 shot07479_312 0.1397920448918963
1714 0 shot07480_12 0.13909886119821752
1714 0 shot07478_12 0.13556692523518732
1714 0 shot07480_54 0.13470869780491831
1714 0 shot07479_288 0.1324641029872916
1714 0 shot07479_316 0.1315068493150685
1714 0 shot07479_12 0.13078065687407156
1714 0 shot07479_222 0.12906420201353358
1714 0 shot07479_302 0.12817296583594653
1714 0 shot07479_13 0.12777686086813003
1714 0 shot07477_53 0.12738075590031353
1714 0 shot07480_26 0.1261924409968641
1714 0 shot07479_89 0.12483908235682457
1714 0 shot07479_88 0.1219673213401551
1714 0 shot07479_327 0.11421026572041591
1714 0 shot07480_64 0.110909390988612
1714 0 shot07479_81 0.11054629476811352
1714 0 shot07479_64 0.10615613137481435
1714 0 shot07476_13 0.1039775540518237
1714 0 shot07479_232 0.09704571711503548
1714 0 shot07479_51 0.09301864994223469
1714 0 shot07479_118 0.09288661495296255
1714 0 shot07480_6 0.08829839907575508
1714 0 shot07480_47 0.0839742531770919
1714 0 shot07480_88 0.0836111569565935
1714 0 shot07480_90 0.08258788578973426
