1715 0 shot07476_5 1.0
1715 0 shot07476_7 0.9810045180776131
1715 0 shot07476_6 0.9461103739834927
1715 0 shot07479_34 0.93677959559607
1715 0 shot07476_1 0.8570124089226081
1715 0 shot07476_3 0.8265899704333013
1715 0 shot07476_4 0.6236643285903491
1715 0 shot07479_168 0.6202424045451974
1715 0 shot07476_2 0.589180562595008
1715 0 shot07479_170 0.581166359054007
1715 0 shot07479_172 0.5686923013662284
1715 0 shot07479_340 0.5332947683637322
1715 0 shot07479_79 0.45346521459084493
1715 0 shot07479_23 0.4156972899338026
1715 0 shot07479_220 0.36650727768732383
1715 0 shot07479_321 0.33579673996612147
1715 0 shot07479_237 0.3334459867986682
1715 0 shot07479_175 0.300921500677555
1715 0 shot07479_78 0.2935143018876759
1715 0 shot07479_162 0.2701282028450703
1715 0 shot07479_229 0.26858300699511994
1715 0 shot07479_173 0.2661263035436619
1715 0 shot07479_133 0.2603757243187617
1715 0 shot07479_36 0.2508454512511639
1715 0 shot07479_150 0.17608356926197183
1715 0 shot07477_96 0.1455690870887323
1715 0 shot07477_49 0.12735210797711258
1715 0 shot07480_55 0.12639331960281683
1715 0 shot07479_189 0.12576802283697183
1715 0 shot07479_284 0.12501766671795772
1715 0 shot07480_45 0.12230804739929578
1715 0 shot07479_8 0.11701386811514078
