1716 0 shot07478_34 1.0
1716 0 shot07480_91 1.0
1716 0 shot07478_162 0.8399333333333333
1716 0 shot07480_70 0.8056666666666666
1716 0 shot07480_110 0.7923333333333332
1716 0 shot07478_2 0.6202666666666667
1716 0 shot07478_6 0.6167333333333334
1716 0 shot07478_5 0.6078666666666667
1716 0 shot07478_3 0.5849333333333333
1716 0 shot07478_4 0.5750666666666667
1716 0 shot07478_148 0.5296666666666666
1716 0 shot07479_59 0.49733333333333335
1716 0 shot07478_8 0.48166666666666674
1716 0 shot07478_35 0.4735333333333334
1716 0 shot07480_49 0.4582
1716 0 shot07478_18 0.4560000000000001
1716 0 shot07479_57 0.4426666666666666
1716 0 shot07479_58 0.43806666666666666
1716 0 shot07478_14 0.4245333333333334
1716 0 shot07478_9 0.4218
1716 0 shot07476_8 0.40786666666666677
1716 0 shot07478_261 0.3859333333333333
1716 0 shot07479_51 0.3753333333333333
1716 0 shot07479_2 0.3666666666666667
1716 0 shot07479_347 0.36233333333333323
1716 0 shot07480_16 0.3577333333333333
1716 0 shot07478_7 0.3485333333333334
1716 0 shot07478_13 0.33133333333333326
1716 0 shot07478_258 0.32986666666666675
1716 0 shot07478_15 0.3171333333333333
1716 0 shot07478_259 0.31573333333333337
1716 0 shot07480_62 0.31339999999999996
1716 0 shot07478_260 0.30973333333333325
1716 0 shot07478_10 0.3057999999999999
1716 0 shot07479_185 0.3032000000000001
1716 0 shot07479_228 0.29373333333333324
1716 0 shot07478_262 0.27586666666666665
1716 0 shot07478_30 0.2709333333333334
1716 0 shot07478_46 0.24759999999999996
1716 0 shot07480_67 0.24739999999999998
1716 0 shot07478_12 0.24693333333333337
1716 0 shot07478_29 0.23993333333333342
1716 0 shot07478_25 0.2398000000000001
1716 0 shot07479_283 0.2388666666666667
1716 0 shot07476_12 0.22326666666666664
1716 0 shot07479_341 0.21293333333333328
1716 0 shot07476_5 0.20660000000000003
1716 0 shot07479_126 0.2044
1716 0 shot07478_16 0.20346666666666677
1716 0 shot07477_50 0.19953333333333342
1716 0 shot07478_33 0.1914000000000001
1716 0 shot07478_19 0.18546666666666667
1716 0 shot07479_202 0.16839999999999997
1716 0 shot07480_60 0.16839999999999997
