1717 0 shot07479_263 1.0
1717 0 shot07480_24 1.0
1717 0 shot07480_110 0.7923333333333332
1717 0 shot07480_15 0.6057333333333332
1717 0 shot07480_112 0.6036666666666667
1717 0 shot07480_22 0.5392666666666667
1717 0 shot07479_292 0.5133333333333333
1717 0 shot07480_23 0.49173333333333336
1717 0 shot07479_97 0.4613333333333333
1717 0 shot07480_18 0.4182666666666666
1717 0 shot07479_74 0.37833333333333324
1717 0 shot07479_51 0.3753333333333333
1717 0 shot07480_54 0.37046666666666656
1717 0 shot07480_16 0.3577333333333333
1717 0 shot07479_283 0.2388666666666667
1717 0 shot07476_12 0.22326666666666664
1717 0 shot07479_341 0.21293333333333328
1717 0 shot07479_126 0.2044
1717 0 shot07480_19 0.19433333333333339
1717 0 shot07480_14 0.1857333333333333
1717 0 shot07479_86 0.1695333333333333
