1718 0 shot07479_340 1.0
1718 0 shot07479_79 0.8503087626045494
1718 0 shot07479_227 0.8185637770655829
1718 0 shot07479_23 0.7794887829281637
1718 0 shot07479_253 0.7728164152270776
1718 0 shot07479_220 0.6872508403032908
1718 0 shot07476_5 0.6594231220198545
1718 0 shot07476_7 0.6497303212694441
1718 0 shot07480_57 0.6387117955131709
1718 0 shot07476_6 0.6317517392323927
1718 0 shot07479_34 0.6269053388571875
1718 0 shot07476_1 0.5847729226920971
1718 0 shot07476_3 0.5683576956147893
1718 0 shot07479_78 0.5503791135777377
1718 0 shot07479_162 0.5065270069569294
1718 0 shot07476_4 0.4532947705776597
1718 0 shot07479_168 0.45126240912999305
1718 0 shot07476_2 0.43265848510904403
1718 0 shot07479_170 0.4278120847338387
1718 0 shot07479_172 0.42022981317908215
1718 0 shot07479_122 0.3614476666927225
1718 0 shot07479_150 0.33018056749785046
1718 0 shot07477_96 0.2729617759712342
1718 0 shot07479_321 0.26866254983193943
1718 0 shot07479_237 0.2670210271242086
1718 0 shot07479_175 0.2440397092159775
1718 0 shot07480_55 0.23700461189713115
1718 0 shot07479_284 0.23442507621355432
1718 0 shot07480_45 0.2293441725943876
1718 0 shot07479_229 0.2206675525678105
1718 0 shot07479_8 0.21941686860001558
1718 0 shot07479_173 0.21886969436410536
1718 0 shot07479_36 0.2076135386539514
