1719 0 shot07479_263 1.0
1719 0 shot07479_291 1.0
1719 0 shot07479_247 0.8801333333333332
1719 0 shot07479_290 0.767
1719 0 shot07480_34 0.695
1719 0 shot07478_111 0.6166666666666667
1719 0 shot07479_45 0.6114666666666667
1719 0 shot07479_99 0.6110000000000001
1719 0 shot07479_9 0.6108666666666668
1719 0 shot07479_24 0.6052
1719 0 shot07477_27 0.5473333333333333
1719 0 shot07479_117 0.5288
1719 0 shot07480_27 0.5098666666666668
1719 0 shot07480_30 0.5076666666666666
1719 0 shot07480_31 0.507
1719 0 shot07479_204 0.5054
1719 0 shot07480_32 0.5035999999999999
1719 0 shot07480_28 0.4921333333333333
1719 0 shot07480_29 0.4905333333333333
1719 0 shot07479_37 0.4846000000000001
1719 0 shot07479_265 0.4791333333333334
1719 0 shot07479_74 0.461
1719 0 shot07480_2 0.4421333333333333
1719 0 shot07477_28 0.42806666666666676
1719 0 shot07480_3 0.4147999999999999
1719 0 shot07479_92 0.39860000000000007
1719 0 shot07480_1 0.37973333333333326
1719 0 shot07477_51 0.3748
1719 0 shot07479_205 0.3633333333333333
1719 0 shot07479_176 0.3537333333333333
1719 0 shot07480_108 0.29960000000000003
1719 0 shot07480_63 0.2945333333333333
1719 0 shot07477_84 0.2910666666666666
1719 0 shot07480_112 0.28600000000000003
1719 0 shot07480_12 0.2809333333333333
1719 0 shot07479_294 0.2769333333333333
1719 0 shot07478_12 0.27380000000000004
1719 0 shot07480_54 0.27206666666666673
1719 0 shot07479_288 0.26753333333333335
1719 0 shot07479_222 0.26066666666666666
1719 0 shot07477_53 0.2572666666666666
1719 0 shot07478_206 0.2562666666666667
1719 0 shot07480_26 0.2548666666666666
1719 0 shot07479_89 0.2521333333333334
1719 0 shot07479_88 0.2463333333333333
1719 0 shot07477_48 0.246
1719 0 shot07479_338 0.23906666666666668
1719 0 shot07480_64 0.22400000000000006
1719 0 shot07479_81 0.22326666666666664
1719 0 shot07479_64 0.21440000000000006
1719 0 shot07479_118 0.18760000000000007
1719 0 shot07479_133 0.18306666666666663
1719 0 shot07480_6 0.17833333333333337
1719 0 shot07479_105 0.17466666666666666
1719 0 shot07480_47 0.16959999999999997
1719 0 shot07480_90 0.16679999999999998
