1720 0 shot07480_34 1.0
1720 0 shot07480_27 0.6666608466390408
1720 0 shot07480_30 0.6629920254429159
1720 0 shot07480_31 0.6618816171384996
1720 0 shot07480_32 0.6562283430773869
1720 0 shot07480_28 0.6372833271263024
1720 0 shot07480_29 0.634654667194757
1720 0 shot07479_37 0.6249384274338953
1720 0 shot07480_2 0.5568543917208059
1720 0 shot07480_3 0.514386034771197
1720 0 shot07479_263 0.4729166543511289
1720 0 shot07480_1 0.4614544662051787
1720 0 shot07480_63 0.3401176348649922
1720 0 shot07480_112 0.3285323622778032
1720 0 shot07478_36 0.3220562416131188
1720 0 shot07480_12 0.32170248734455326
1720 0 shot07478_12 0.31214847691280023
1720 0 shot07480_54 0.3098378439729729
1720 0 shot07480_26 0.2871402658973889
1720 0 shot07479_173 0.2775074927732424
1720 0 shot07479_67 0.25174929899958426
1720 0 shot07480_64 0.24746026022238918
1720 0 shot07478_186 0.2350711049894678
1720 0 shot07479_53 0.22614874411070984
1720 0 shot07479_183 0.21189818892626244
1720 0 shot07479_194 0.19723777264137746
1720 0 shot07479_300 0.19547221713179996
1720 0 shot07479_236 0.19269777275960664
1720 0 shot07480_6 0.19123370161717798
1720 0 shot07479_136 0.1813162452782228
1720 0 shot07480_47 0.18081790462453373
1720 0 shot07480_90 0.1775013968775678
1720 0 shot07479_159 0.16851596783378558
1720 0 shot07480_108 0.14168582964359822
1720 0 shot07479_295 0.1411498574353336
1720 0 shot07479_12 0.12491305230261147
1720 0 shot07479_222 0.12327360790086093
1720 0 shot07479_13 0.122044024599548
1720 0 shot07479_133 0.08657527552321331
1720 0 shot07480_48 0.08266583118057733
1720 0 shot07479_17 0.08102638677882679
