1721 0 shot07480_24 1.0
1721 0 shot07480_91 1.0
1721 0 shot07478_162 0.8399333333333333
1721 0 shot07480_70 0.8056666666666666
1721 0 shot07480_15 0.6057333333333332
1721 0 shot07480_112 0.6036666666666667
1721 0 shot07480_22 0.5392666666666667
1721 0 shot07479_292 0.5133333333333333
1721 0 shot07479_59 0.49733333333333335
1721 0 shot07480_23 0.49173333333333336
1721 0 shot07479_97 0.4613333333333333
1721 0 shot07480_49 0.4582
1721 0 shot07479_57 0.4426666666666666
1721 0 shot07479_58 0.43806666666666666
1721 0 shot07480_18 0.4182666666666666
1721 0 shot07476_8 0.40786666666666677
1721 0 shot07479_169 0.3850666666666666
1721 0 shot07479_74 0.37833333333333324
1721 0 shot07480_54 0.37046666666666656
1721 0 shot07480_62 0.31339999999999996
1721 0 shot07479_185 0.3032000000000001
1721 0 shot07479_228 0.29373333333333324
1721 0 shot07479_227 0.28720000000000007
1721 0 shot07479_253 0.27346666666666675
1721 0 shot07478_30 0.2709333333333334
1721 0 shot07480_67 0.24739999999999998
1721 0 shot07478_29 0.23993333333333342
1721 0 shot07478_25 0.2398000000000001
1721 0 shot07480_57 0.2319999999999999
1721 0 shot07476_5 0.20660000000000003
1721 0 shot07480_19 0.19433333333333339
1721 0 shot07478_33 0.1914000000000001
1721 0 shot07480_14 0.1857333333333333
1721 0 shot07479_202 0.16839999999999997
1721 0 shot07480_60 0.16839999999999997
