1722 0 shot07479_263 1.0
1722 0 shot07479_93 0.4929333333333332
1722 0 shot07480_69 0.4834666666666667
1722 0 shot07480_96 0.48100000000000004
1722 0 shot07479_205 0.48006666666666664
1722 0 shot07479_293 0.45439999999999997
1722 0 shot07478_95 0.4431333333333332
1722 0 shot07476_8 0.40786666666666677
1722 0 shot07479_74 0.38999999999999996
1722 0 shot07477_48 0.3537333333333333
1722 0 shot07479_262 0.3388
1722 0 shot07477_83 0.32200000000000006
1722 0 shot07480_106 0.30493333333333333
1722 0 shot07479_228 0.29373333333333324
1722 0 shot07479_273 0.24280000000000004
1722 0 shot07479_247 0.2381333333333333
1722 0 shot07476_5 0.20660000000000003
1722 0 shot07477_50 0.19953333333333342
1722 0 shot07479_105 0.19093333333333332
1722 0 shot07478_137 0.1869333333333333
1722 0 shot07477_47 0.17473333333333332
