1723 0 shot07476_5 1.0
1723 0 shot07476_7 0.9926348301259205
1723 0 shot07476_6 0.9789736279401282
1723 0 shot07476_4 0.751707868852459
1723 0 shot07476_3 0.7360990852934188
1723 0 shot07476_1 0.6171636683297695
1723 0 shot07477_27 0.5105980131907816
1723 0 shot07476_10 0.4989308624376336
1723 0 shot07476_8 0.4989308624376336
1723 0 shot07476_9 0.4989308624376336
1723 0 shot07480_24 0.4989308624376336
1723 0 shot07476_2 0.4789005702066999
1723 0 shot07476_12 0.4623901164172012
1723 0 shot07479_159 0.45896887621762883
1723 0 shot07477_28 0.39536968638793063
1723 0 shot07476_11 0.3909004514136375
1723 0 shot07480_22 0.33473509147065805
1723 0 shot07479_34 0.333095747208363
1723 0 shot07480_23 0.3177952007602756
1723 0 shot07480_13 0.31541933951057255
1723 0 shot07480_55 0.310287479211214
1723 0 shot07480_18 0.2916132097885483
1723 0 shot07480_56 0.28047042052744114
1723 0 shot07476_14 0.27990021382751246
1723 0 shot07479_227 0.244903777619387
1723 0 shot07479_253 0.2400095034449988
1723 0 shot07479_302 0.23480636730814922
1723 0 shot07480_57 0.225231646471846
1723 0 shot07479_327 0.22475647422190545
1723 0 shot07476_13 0.21739130434782603
1723 0 shot07479_144 0.21343033974815873
1723 0 shot07480_19 0.211808030411024
1723 0 shot07479_229 0.2096222380612972
1723 0 shot07479_97 0.2088421572820147
1723 0 shot07480_14 0.20874316939890708
1723 0 shot07480_108 0.20665011926823473
1723 0 shot07479_36 0.20565454977429318
1723 0 shot07480_88 0.20273224043715848
1723 0 shot07479_168 0.18831743311950583
1723 0 shot07479_170 0.18441329722024227
1723 0 shot07479_172 0.17954898170586833
1723 0 shot07479_158 0.17560840959847945
1723 0 shot07477_38 0.17227146305535754
1723 0 shot07479_74 0.16650603468757422
1723 0 shot07479_141 0.16636682157282012
1723 0 shot07479_312 0.165747773818009
1723 0 shot07480_112 0.1649719078165835
1723 0 shot07479_316 0.16427256640532195
1723 0 shot07480_15 0.1491974245664053
1723 0 shot07479_321 0.14441167688287004
1723 0 shot07479_175 0.1431505820860062
1723 0 shot07477_36 0.14255167498218102
1723 0 shot07477_52 0.14255167498218102
1723 0 shot07477_62 0.14255167498218102
1723 0 shot07477_64 0.14255167498218102
1723 0 shot07477_65 0.14255167498218102
1723 0 shot07477_72 0.14255167498218102
1723 0 shot07477_93 0.14255167498218102
1723 0 shot07477_95 0.14255167498218102
1723 0 shot07477_96 0.14255167498218102
1723 0 shot07477_98 0.14255167498218102
1723 0 shot07478_40 0.14255167498218102
1723 0 shot07478_41 0.14255167498218102
1723 0 shot07478_42 0.14255167498218102
1723 0 shot07478_64 0.14255167498218102
1723 0 shot07479_104 0.14255167498218102
1723 0 shot07479_105 0.14255167498218102
1723 0 shot07479_106 0.14255167498218102
1723 0 shot07479_110 0.14255167498218102
1723 0 shot07479_112 0.14255167498218102
1723 0 shot07479_121 0.14255167498218102
1723 0 shot07479_122 0.14255167498218102
1723 0 shot07479_123 0.14255167498218102
1723 0 shot07479_126 0.14255167498218102
1723 0 shot07479_128 0.14255167498218102
1723 0 shot07479_129 0.14255167498218102
1723 0 shot07479_12 0.14255167498218102
1723 0 shot07479_131 0.14255167498218102
1723 0 shot07479_132 0.14255167498218102
1723 0 shot07479_138 0.14255167498218102
1723 0 shot07479_142 0.14255167498218102
1723 0 shot07479_143 0.14255167498218102
1723 0 shot07479_146 0.14255167498218102
1723 0 shot07479_147 0.14255167498218102
1723 0 shot07479_148 0.14255167498218102
1723 0 shot07479_149 0.14255167498218102
1723 0 shot07479_150 0.14255167498218102
1723 0 shot07479_151 0.14255167498218102
1723 0 shot07479_152 0.14255167498218102
1723 0 shot07479_153 0.14255167498218102
1723 0 shot07479_154 0.14255167498218102
1723 0 shot07479_162 0.14255167498218102
1723 0 shot07479_163 0.14255167498218102
1723 0 shot07479_164 0.14255167498218102
1723 0 shot07479_171 0.14255167498218102
1723 0 shot07479_176 0.14255167498218102
1723 0 shot07479_179 0.14255167498218102
1723 0 shot07479_17 0.14255167498218102
1723 0 shot07479_180 0.14255167498218102
1723 0 shot07479_183 0.14255167498218102
1723 0 shot07479_188 0.14255167498218102
1723 0 shot07479_18 0.14255167498218102
1723 0 shot07479_192 0.14255167498218102
1723 0 shot07479_196 0.14255167498218102
1723 0 shot07479_197 0.14255167498218102
1723 0 shot07479_198 0.14255167498218102
1723 0 shot07479_19 0.14255167498218102
1723 0 shot07479_200 0.14255167498218102
1723 0 shot07479_201 0.14255167498218102
1723 0 shot07479_202 0.14255167498218102
1723 0 shot07479_204 0.14255167498218102
1723 0 shot07479_208 0.14255167498218102
1723 0 shot07479_214 0.14255167498218102
1723 0 shot07479_215 0.14255167498218102
1723 0 shot07479_216 0.14255167498218102
1723 0 shot07479_220 0.14255167498218102
1723 0 shot07479_22 0.14255167498218102
1723 0 shot07479_23 0.14255167498218102
1723 0 shot07479_243 0.14255167498218102
1723 0 shot07479_250 0.14255167498218102
1723 0 shot07479_252 0.14255167498218102
1723 0 shot07479_256 0.14255167498218102
1723 0 shot07479_257 0.14255167498218102
1723 0 shot07479_25 0.14255167498218102
1723 0 shot07479_262 0.14255167498218102
1723 0 shot07479_263 0.14255167498218102
1723 0 shot07479_267 0.14255167498218102
1723 0 shot07479_269 0.14255167498218102
1723 0 shot07479_273 0.14255167498218102
1723 0 shot07479_275 0.14255167498218102
1723 0 shot07479_277 0.14255167498218102
1723 0 shot07479_280 0.14255167498218102
1723 0 shot07479_282 0.14255167498218102
1723 0 shot07479_283 0.14255167498218102
1723 0 shot07479_284 0.14255167498218102
1723 0 shot07479_285 0.14255167498218102
1723 0 shot07479_286 0.14255167498218102
1723 0 shot07479_287 0.14255167498218102
1723 0 shot07479_28 0.14255167498218102
1723 0 shot07479_290 0.14255167498218102
1723 0 shot07479_291 0.14255167498218102
1723 0 shot07479_293 0.14255167498218102
1723 0 shot07479_294 0.14255167498218102
1723 0 shot07479_295 0.14255167498218102
1723 0 shot07479_308 0.14255167498218102
1723 0 shot07479_310 0.14255167498218102
1723 0 shot07479_319 0.14255167498218102
1723 0 shot07479_31 0.14255167498218102
1723 0 shot07479_326 0.14255167498218102
1723 0 shot07479_330 0.14255167498218102
1723 0 shot07479_332 0.14255167498218102
1723 0 shot07479_334 0.14255167498218102
1723 0 shot07479_338 0.14255167498218102
1723 0 shot07479_33 0.14255167498218102
1723 0 shot07479_340 0.14255167498218102
1723 0 shot07479_37 0.14255167498218102
1723 0 shot07479_39 0.14255167498218102
1723 0 shot07479_40 0.14255167498218102
1723 0 shot07479_44 0.14255167498218102
1723 0 shot07479_45 0.14255167498218102
1723 0 shot07479_4 0.14255167498218102
1723 0 shot07479_53 0.14255167498218102
1723 0 shot07479_5 0.14255167498218102
1723 0 shot07479_60 0.14255167498218102
1723 0 shot07479_62 0.14255167498218102
1723 0 shot07479_63 0.14255167498218102
1723 0 shot07479_64 0.14255167498218102
1723 0 shot07479_65 0.14255167498218102
1723 0 shot07479_66 0.14255167498218102
1723 0 shot07479_69 0.14255167498218102
1723 0 shot07479_70 0.14255167498218102
1723 0 shot07479_71 0.14255167498218102
1723 0 shot07479_72 0.14255167498218102
1723 0 shot07479_76 0.14255167498218102
1723 0 shot07479_77 0.14255167498218102
1723 0 shot07479_78 0.14255167498218102
1723 0 shot07479_79 0.14255167498218102
1723 0 shot07479_7 0.14255167498218102
1723 0 shot07479_80 0.14255167498218102
1723 0 shot07479_81 0.14255167498218102
1723 0 shot07479_8 0.14255167498218102
1723 0 shot07479_90 0.14255167498218102
1723 0 shot07479_95 0.14255167498218102
1723 0 shot07480_100 0.14255167498218102
1723 0 shot07480_101 0.14255167498218102
1723 0 shot07480_103 0.14255167498218102
1723 0 shot07480_104 0.14255167498218102
1723 0 shot07480_105 0.14255167498218102
1723 0 shot07480_109 0.14255167498218102
1723 0 shot07480_10 0.14255167498218102
1723 0 shot07480_113 0.14255167498218102
1723 0 shot07480_17 0.14255167498218102
1723 0 shot07480_1 0.14255167498218102
1723 0 shot07480_20 0.14255167498218102
1723 0 shot07480_21 0.14255167498218102
1723 0 shot07480_25 0.14255167498218102
1723 0 shot07480_26 0.14255167498218102
1723 0 shot07480_33 0.14255167498218102
1723 0 shot07480_41 0.14255167498218102
1723 0 shot07480_42 0.14255167498218102
1723 0 shot07480_45 0.14255167498218102
1723 0 shot07480_47 0.14255167498218102
1723 0 shot07480_48 0.14255167498218102
1723 0 shot07480_49 0.14255167498218102
1723 0 shot07480_51 0.14255167498218102
1723 0 shot07480_52 0.14255167498218102
1723 0 shot07480_53 0.14255167498218102
1723 0 shot07480_58 0.14255167498218102
1723 0 shot07480_59 0.14255167498218102
1723 0 shot07480_5 0.14255167498218102
1723 0 shot07480_60 0.14255167498218102
1723 0 shot07480_61 0.14255167498218102
1723 0 shot07480_63 0.14255167498218102
1723 0 shot07480_67 0.14255167498218102
1723 0 shot07480_68 0.14255167498218102
1723 0 shot07480_74 0.14255167498218102
1723 0 shot07480_75 0.14255167498218102
1723 0 shot07480_7 0.14255167498218102
1723 0 shot07480_89 0.14255167498218102
1723 0 shot07480_93 0.14255167498218102
1723 0 shot07480_95 0.14255167498218102
1723 0 shot07480_96 0.14255167498218102
1723 0 shot07480_9 0.14255167498218102
1723 0 shot07480_2 0.1424661439771917
1723 0 shot07479_137 0.1414207650273224
1723 0 shot07479_232 0.14025281064385842
1723 0 shot07479_193 0.13933951057258256
1723 0 shot07479_15 0.13870277975766213
1723 0 shot07478_44 0.13722024233784746
1723 0 shot07477_51 0.13689416393442624
1723 0 shot07478_43 0.13652649085293417
1723 0 shot07479_222 0.13590658113566165
1723 0 shot07479_237 0.1358265735329057
1723 0 shot07479_177 0.13423616060822047
1723 0 shot07479_51 0.13353951247327153
1723 0 shot07480_3 0.1316702304585412
1723 0 shot07479_299 0.13166072701354237
1723 0 shot07479_228 0.1305488239486814
1723 0 shot07477_66 0.12918983131385126
1723 0 shot07477_67 0.1285911142789261
1723 0 shot07479_173 0.12834060346875742
1723 0 shot07480_37 0.12808743169398906
1723 0 shot07479_155 0.1260822047992397
1723 0 shot07479_301 0.12417201235447849
1723 0 shot07477_94 0.1233262057495842
1723 0 shot07476_15 0.1213494891898313
1723 0 shot07478_233 0.12048467569493942
1723 0 shot07479_266 0.11914468995010692
1723 0 shot07477_110 0.11878355904015207
1723 0 shot07479_75 0.11813732478023284
1723 0 shot07479_67 0.11807080066524113
1723 0 shot07479_298 0.11759562841530054
1723 0 shot07479_195 0.11717747683535282
1723 0 shot07479_125 0.11214065098598239
1723 0 shot07479_304 0.1098408172962699
1723 0 shot07479_247 0.108671893561416
1723 0 shot07479_313 0.10853884533143264
1723 0 shot07479_24 0.10679021145165121
1723 0 shot07479_16 0.10641957709669755
1723 0 shot07479_335 0.10633404609170824
1723 0 shot07477_97 0.1041102399619862
1723 0 shot07479_311 0.10207650273224043
1723 0 shot07479_133 0.10080304110239958
1723 0 shot07478_230 0.09879781420765027
1723 0 shot07479_271 0.0981135661677358
1723 0 shot07479_13 0.09416013304822998
1723 0 shot07480_114 0.0929817058683773
1723 0 shot07480_44 0.09207887859349013
1723 0 shot07479_305 0.09046329294369208
1723 0 shot07479_309 0.09036825849370395
1723 0 shot07478_182 0.09005464480874316
1723 0 shot07479_264 0.08987407935376573
1723 0 shot07479_339 0.08986457590876692
1723 0 shot07479_261 0.08975053456878117
1723 0 shot07478_208 0.08968401045378949
1723 0 shot07478_63 0.08959847944880019
1723 0 shot07478_90 0.08959847944880019
1723 0 shot07478_138 0.08940841054882392
1723 0 shot07479_226 0.08939890710382514
1723 0 shot07478_114 0.08925635542884296
1723 0 shot07478_147 0.08924685198384415
1723 0 shot07478_67 0.08924685198384415
1723 0 shot07478_115 0.0892278450938465
1723 0 shot07479_50 0.08908529341886433
1723 0 shot07479_54 0.08901876930387266
1723 0 shot07479_206 0.08893323829888333
1723 0 shot07477_25 0.08892373485388452
1723 0 shot07478_196 0.0888952245188881
1723 0 shot07479_21 0.08883820384889522
1723 0 shot07479_52 0.0887431693989071
1723 0 shot07478_89 0.08859111427892609
1723 0 shot07478_139 0.08858161083392731
1723 0 shot07477_90 0.08856260394392966
1723 0 shot07478_71 0.08855310049893085
1723 0 shot07479_272 0.08854359705393204
1723 0 shot07479_258 0.08852459016393442
1723 0 shot07479_333 0.08843905915894512
1723 0 shot07479_10 0.08834402470895698
1723 0 shot07479_337 0.08826799714896648
1723 0 shot07479_314 0.08823948681397006
1723 0 shot07478_88 0.08820147303397483
1723 0 shot07478_93 0.08819196958897599
1723 0 shot07477_71 0.08818246614397718
1723 0 shot07479_203 0.08802090757899739
1723 0 shot07479_246 0.08797339035400331
1723 0 shot07478_203 0.08792587312900926
1723 0 shot07479_276 0.08790686623901164
1723 0 shot07477_42 0.087887859349014
1723 0 shot07478_229 0.08785934901401758
1723 0 shot07478_70 0.08785934901401758
1723 0 shot07477_85 0.08784984556901876
1723 0 shot07479_317 0.08784984556901876
1723 0 shot07479_320 0.08776431456402946
1723 0 shot07478_172 0.08774530767403182
1723 0 shot07479_318 0.08769779044903778
1723 0 shot07478_158 0.08766928011404132
1723 0 shot07478_87 0.08739368020907579
1723 0 shot07478_116 0.08734616298408172
1723 0 shot07478_184 0.0873271560940841
1723 0 shot07478_185 0.08727963886909004
1723 0 shot07478_165 0.08727013542409122
1723 0 shot07477_24 0.08720361130909954
1723 0 shot07479_251 0.08717510097410311
1723 0 shot07478_56 0.08702304585412211
1723 0 shot07479_14 0.0870135424091233
1723 0 shot07479_186 0.08686148728914232
1723 0 shot07478_219 0.08680446661914944
1723 0 shot07478_84 0.08672843905915892
1723 0 shot07478_104 0.0867094321691613
1723 0 shot07478_220 0.08668092183416488
1723 0 shot07478_154 0.08664290805416963
1723 0 shot07478_110 0.08663340460917081
1723 0 shot07479_160 0.086623901164172
1723 0 shot07479_254 0.08659539082917557
1723 0 shot07478_62 0.08650985982418626
1723 0 shot07479_182 0.08650985982418626
1723 0 shot07477_91 0.08650035637918746
1723 0 shot07479_213 0.08649085293418862
1723 0 shot07477_9 0.08648134948918984
1723 0 shot07478_174 0.08644333570919457
1723 0 shot07479_190 0.08639581848420051
1723 0 shot07479_165 0.08637681159420289
1723 0 shot07479_270 0.08635780470420527
1723 0 shot07479_235 0.08627227369921596
1723 0 shot07479_315 0.08626277025421714
1723 0 shot07479_42 0.08626277025421714
1723 0 shot07478_226 0.08621525302922309
1723 0 shot07479_274 0.08609170824423852
1723 0 shot07478_78 0.08602518412924684
1723 0 shot07479_199 0.08601568068424803
1723 0 shot07478_183 0.08595866001425517
1723 0 shot07478_134 0.0859111427892611
1723 0 shot07479_303 0.0859111427892611
1723 0 shot07480_115 0.08585412211926823
1723 0 shot07479_187 0.08580660489427418
1723 0 shot07479_134 0.08574958422428128
1723 0 shot07477_86 0.08562603943929674
1723 0 shot07478_85 0.08562603943929674
1723 0 shot07479_241 0.08562603943929674
1723 0 shot07479_156 0.08558802565930147
1723 0 shot07478_234 0.0854359705393205
1723 0 shot07479_35 0.08531242575433594
1723 0 shot07479_184 0.08525540508434307
1723 0 shot07479_288 0.08516987407935375
1723 0 shot07478_238 0.08486576383939178
1723 0 shot07477_43 0.08485626039439297
1723 0 shot07478_131 0.08481824661439771
1723 0 shot07478_200 0.08462817771442145
1723 0 shot07478_168 0.08459016393442621
1723 0 shot07479_41 0.08455215015443097
1723 0 shot07479_48 0.08452363981943453
1723 0 shot07478_249 0.08450463292943691
1723 0 shot07480_65 0.08450463292943691
1723 0 shot07479_322 0.0844951294844381
1723 0 shot07479_107 0.08436208125445475
1723 0 shot07477_40 0.08423853646947019
1723 0 shot07479_84 0.08421952957947255
1723 0 shot07479_115 0.08414350201948205
1723 0 shot07479_46 0.08406747445949156
1723 0 shot07479_297 0.08403896412449513
1723 0 shot07477_81 0.08402946067949632
1723 0 shot07479_296 0.08392492278450937
1723 0 shot07478_187 0.08376336421952957
1723 0 shot07479_157 0.08375386077453076
1723 0 shot07478_118 0.0837063435495367
1723 0 shot07478_82 0.08368733665953908
1723 0 shot07479_324 0.08358279876455214
1723 0 shot07477_108 0.08352577809455927
1723 0 shot07479_114 0.08351627464956046
1723 0 shot07478_55 0.08343074364457113
1723 0 shot07478_217 0.08342124019957235
1723 0 shot07479_93 0.08326918507959133
1723 0 shot07479_328 0.08325017818959371
1723 0 shot07478_92 0.08314564029460679
1723 0 shot07479_331 0.08313613684960798
1723 0 shot07477_48 0.08307540983606557
1723 0 shot07479_43 0.08298408172962699
1723 0 shot07478_150 0.08297457828462818
1723 0 shot07478_68 0.0829175576146353
1723 0 shot07479_61 0.08290805416963647
1723 0 shot07478_149 0.08289855072463768
1723 0 shot07479_205 0.08288904727963885
1723 0 shot07478_106 0.08287954383464007
1723 0 shot07479_161 0.08279401282965074
1723 0 shot07479_38 0.08277500593965312
1723 0 shot07479_108 0.08274649560465669
1723 0 shot07478_130 0.08261344737467331
1723 0 shot07478_186 0.08261344737467331
1723 0 shot07479_92 0.0826039439296745
1723 0 shot07477_33 0.08255642670468044
1723 0 shot07479_113 0.08248039914468995
1723 0 shot07477_109 0.08243288191969587
1723 0 shot07478_173 0.08219529579472558
1723 0 shot07479_230 0.08210026134473747
1723 0 shot07478_96 0.08205274411974339
1723 0 shot07477_56 0.08192919933475883
1723 0 shot07479_248 0.0819101924447612
1723 0 shot07479_329 0.08186267521976717
1723 0 shot07479_145 0.08180565454977429
1723 0 shot07479_27 0.08178664765977667
1723 0 shot07477_32 0.0817391304347826
1723 0 shot07478_111 0.0817391304347826
1723 0 shot07479_109 0.0816631028747921
1723 0 shot07478_127 0.08160608220479923
1723 0 shot07477_59 0.08143502019482061
1723 0 shot07477_30 0.08136849607982892
1723 0 shot07478_156 0.08131147540983605
1723 0 shot07479_244 0.081263958184842
1723 0 shot07478_73 0.08114991684485624
1723 0 shot07479_103 0.08108339272986456
1723 0 shot07478_242 0.08097885483487764
1723 0 shot07479_111 0.08089332382988833
1723 0 shot07477_107 0.08088382038488952
1723 0 shot07478_151 0.08087431693989071
1723 0 shot07479_94 0.08050368258493704
1723 0 shot07479_268 0.08035162746495603
1723 0 shot07477_104 0.08034212401995725
1723 0 shot07478_225 0.08030411023996198
1723 0 shot07478_191 0.08004751722499406
1723 0 shot07479_242 0.08004751722499406
1723 0 shot07478_207 0.0799239724400095
1723 0 shot07479_91 0.0797624138750297
1723 0 shot07478_140 0.07941078641007364
1723 0 shot07479_240 0.07928724162508909
1723 0 shot07479_259 0.07923972440009504
1723 0 shot07479_169 0.0789926348301259
1723 0 shot07479_55 0.07885958660014256
1723 0 shot07478_72 0.07868852459016391
1723 0 shot07479_181 0.07867902114516512
1723 0 shot07477_103 0.07846044191019245
1723 0 shot07478_152 0.0781943454502257
1723 0 shot07479_174 0.0779472558802566
1723 0 shot07479_130 0.07791874554526015
1723 0 shot07477_106 0.07789973865526253
1723 0 shot07479_30 0.07750059396531243
1723 0 shot07477_70 0.07737704918032787
1723 0 shot07478_105 0.07689237348538844
1723 0 shot07479_289 0.07689237348538844
1723 0 shot07479_341 0.07689237348538844
1723 0 shot07478_129 0.07639819434545023
1723 0 shot07479_191 0.07636018056545497
1723 0 shot07479_96 0.0761511047754811
1723 0 shot07477_87 0.07598954621050129
1723 0 shot07478_53 0.07572344975053456
1723 0 shot07480_107 0.07535281539558089
1723 0 shot07478_133 0.0750392017106201
1723 0 shot07477_88 0.07461154668567355
1723 0 /nshot07479_100 0.07425041577571868
1723 0 shot07478_146 0.07349014017581372
1723 0 shot07479_292 0.07317652649085293
1723 0 shot07479_323 0.07277738180090282
1723 0 shot07478_252 0.07266334046091708
1723 0 shot07477_68 0.07209313376098835
1723 0 shot07478_251 0.07195058208600616
1723 0 shot07478_171 0.07194107864100736
1723 0 shot07478_235 0.07191256830601092
1723 0 shot07478_57 0.07139938227607508
1723 0 shot07478_157 0.07090520313613684
1723 0 shot07479_120 0.06985982418626753
1723 0 shot07479_32 0.06966975528629127
1723 0 shot07479_127 0.06942266571632218
1723 0 shot07478_211 0.06881444523639818
1723 0 shot07478_167 0.06833927298645759
1723 0 shot07479_239 0.06820622475647421
1723 0 shot07477_105 0.06815870753148016
1723 0 shot07479_56 0.06719885958660014
1723 0 shot07479_47 0.06654312188168211
1723 0 shot07480_73 0.06631503920171061
1723 0 shot07477_22 0.06586837728676645
1723 0 shot07479_29 0.0658208600617724
1723 0 shot07478_199 0.06564029460679496
1723 0 shot07479_231 0.06469945355191258
1723 0 /nshot07477_102 0.06459491565692563
1723 0 shot07480_43 0.06369208838203848
1723 0 shot07479_102 0.06325086148728915
1723 0 shot07478_45 0.060708006652411495
1723 0 shot07478_46 0.060708006652411495
1723 0 shot07480_98 0.06044191019244477
1723 0 shot07479_233 0.06037538607745307
1723 0 shot07479_234 0.05858873841767641
1723 0 shot07477_35 0.05817058683772868
1723 0 shot07478_255 0.058028035162746495
1723 0 shot07478_95 0.05690662865288667
1723 0 shot07478_37 0.05492040864813495
1723 0 shot07478_143 0.054806367308149195
1723 0 shot07478_254 0.05397006414825372
1723 0 shot07477_26 0.05336184366832977
1723 0 shot07480_54 0.052810643858398655
1723 0 shot07480_92 0.05250653361843668
1723 0 shot07477_21 0.05122356854359706
1723 0 shot07478_83 0.0510334996436208
1723 0 shot07477_60 0.04979805179377524
1723 0 shot07478_107 0.04972202423378475
1723 0 shot07480_99 0.0495224518888097
1723 0 shot07477_11 0.04877167973390353
1723 0 shot07479_6 0.04817296269897837
1723 0 shot07479_86 0.04817296269897837
1723 0 shot07479_194 0.047735804229033015
1723 0 shot07479_238 0.04557852221430268
1723 0 shot07479_336 0.044770729389403664
1723 0 shot07480_36 0.0444951294844381
1723 0 shot07479_236 0.044286053694464235
1723 0 shot07478_243 0.04346875742456641
1723 0 shot07478_38 0.040551199809931104
1723 0 shot07480_97 0.03912568306010928
1723 0 shot07477_12 0.03501069137562367
1723 0 shot07478_125 0.03328106438583987
1723 0 shot07479_225 0.03183654074602043
1723 0 shot07478_181 0.03182703730102161
1723 0 shot07480_78 0.031789023521026374
1723 0 shot07480_80 0.03109527203611308
1723 0 shot07480_81 0.03011641720123544
1723 0 shot07480_77 0.030068899976241386
1723 0 shot07478_24 0.029698265621287714
1723 0 shot07480_79 0.02869090045141364
1723 0 shot07478_126 0.028177714421477783
1723 0 shot07477_83 0.027046804466619143
1723 0 /nshot07480_100 0.026818721786647657
1723 0 shot07477_75 0.026790211451651225
1723 0 shot07480_62 0.026628652886671416
1723 0 shot07480_102 0.02576383939177953
1723 0 shot07477_2 0.025545260156806835
1723 0 shot07479_136 0.025478736041815157
1723 0 shot07480_83 0.024689950106913758
1723 0 shot07478_22 0.024167260631979087
1723 0 shot07479_255 0.02411974340698503
1723 0 shot07480_85 0.024053219291993333
