1724 0 shot07478_34 1.0
1724 0 shot07479_263 1.0
1724 0 shot07479_78 0.75318236
1724 0 shot07479_79 0.6685449809523808
1724 0 shot07479_23 0.5557855466666666
1724 0 shot07478_2 0.5193226971428572
1724 0 shot07478_6 0.5154304780952381
1724 0 shot07478_5 0.5057103314285714
1724 0 shot07478_3 0.48088204952380953
1724 0 shot07478_4 0.4703388114285714
1724 0 shot07478_148 0.42290099999999997
1724 0 shot07479_131 0.4203695238095237
1724 0 shot07479_65 0.3855041295238094
1724 0 shot07478_8 0.3746678571428572
1724 0 shot07478_35 0.3666906838095239
1724 0 shot07478_18 0.34968685714285724
1724 0 shot07478_14 0.3198312838095238
1724 0 shot07478_9 0.31727796
1724 0 shot07479_81 0.2857142857142857
1724 0 shot07480_105 0.2857142857142857
1724 0 shot07478_261 0.2843667066666667
1724 0 shot07478_63 0.2686285714285714
1724 0 shot07479_2 0.2671428571428572
1724 0 shot07479_347 0.2633128095238095
1724 0 shot07478_7 0.25122282666666673
1724 0 shot07478_13 0.23638266666666657
1724 0 shot07478_258 0.23512896000000008
1724 0 shot07479_197 0.23173333333333335
1724 0 shot07480_110 0.22638095238095235
1724 0 shot07479_69 0.22615238095238097
1724 0 shot07478_15 0.22432199809523815
1724 0 shot07478_259 0.22314227809523815
1724 0 shot07478_260 0.21810536380952378
1724 0 shot07478_10 0.21482013142857137
1724 0 shot07479_123 0.21118095238095233
1724 0 shot07478_64 0.21099047619047617
1724 0 shot07478_262 0.19025341714285712
1724 0 shot07478_88 0.18234285714285714
1724 0 shot07478_46 0.1677596114285714
1724 0 shot07478_12 0.16723736380952384
1724 0 shot07479_180 0.1648
1724 0 shot07478_219 0.16057142857142856
1724 0 shot07479_72 0.15965714285714286
1724 0 shot07479_283 0.15445439238095238
1724 0 shot07478_203 0.1544
1724 0 shot07478_211 0.15175238095238094
1724 0 shot07478_140 0.15173333333333333
1724 0 shot07478_139 0.1496190476190476
1724 0 shot07479_171 0.14725714285714284
1724 0 shot07479_181 0.1470095238095238
1724 0 shot07478_152 0.14085714285714288
1724 0 shot07479_93 0.1408380952380952
1724 0 shot07478_130 0.13933333333333334
1724 0 shot07479_148 0.13801904761904765
1724 0 shot07478_154 0.13763809523809523
1724 0 shot07479_205 0.13716190476190476
1724 0 shot07478_229 0.1361142857142857
1724 0 shot07478_16 0.13400896000000007
1724 0 shot07478_196 0.1329714285714286
1724 0 shot07479_132 0.1319428571428571
1724 0 shot07478_150 0.1318095238095238
1724 0 shot07478_220 0.1275047619047619
1724 0 shot07478_242 0.12577142857142856
1724 0 shot07479_126 0.12537258285714284
1724 0 shot07478_111 0.12489523809523809
1724 0 shot07478_185 0.1248
1724 0 shot07478_67 0.12403809523809524
1724 0 shot07478_151 0.12190476190476193
1724 0 shot07478_98 0.1214666666666667
1724 0 shot07478_230 0.12116190476190473
1724 0 shot07478_19 0.12072290285714285
1724 0 shot07479_176 0.11542857142857141
1724 0 shot07478_168 0.10979047619047619
1724 0 shot07479_196 0.1089333333333333
1724 0 shot07478_71 0.10874285714285714
1724 0 shot07479_51 0.10723809523809523
1724 0 shot07478_226 0.10681904761904762
1724 0 shot07478_85 0.10499047619047622
1724 0 shot07479_66 0.10466666666666669
1724 0 shot07479_85 0.10462857142857145
1724 0 shot07480_16 0.1022095238095238
1724 0 shot07478_62 0.1018666666666667
1724 0 shot07477_48 0.10106666666666667
1724 0 shot07479_294 0.09855238095238092
1724 0 shot07479_114 0.09689523809523812
1724 0 shot07478_96 0.09577142857142859
1724 0 shot07478_68 0.09533333333333333
1724 0 shot07479_25 0.09478095238095238
1724 0 shot07480_106 0.08712380952380953
1724 0 shot07480_108 0.08560000000000001
1724 0 shot07478_207 0.0853142857142857
1724 0 shot07479_80 0.08226666666666665
1724 0 shot07479_220 0.08184761904761904
1724 0 shot07478_138 0.08135238095238095
1724 0 shot07479_64 0.08017142857142859
1724 0 shot07478_72 0.07754285714285715
1724 0 shot07479_8 0.07539047619047617
1724 0 shot07479_222 0.07447619047619047
1724 0 shot07478_199 0.07337142857142857
1724 0 shot07479_75 0.07133333333333335
1724 0 shot07476_6 0.06737142857142855
1724 0 shot07478_87 0.06672380952380953
1724 0 shot07476_12 0.06379047619047619
1724 0 shot07479_341 0.06083809523809522
1724 0 /nshot07478_104 0.0576
1724 0 shot07478_55 0.05603809523809524
1724 0 shot07478_78 0.055485714285714305
1724 0 shot07479_105 0.05455238095238095
1724 0 shot07479_133 0.052304761904761896
1724 0 shot07478_73 0.052000000000000025
1724 0 shot07477_47 0.04992380952380952
1724 0 shot07478_186 0.04942857142857144
1724 0 shot07478_92 0.04904761904761906
