1726 0 shot07476_5 1.0
1726 0 shot07476_7 0.9810045180776131
1726 0 shot07477_27 0.9654752979097214
1726 0 shot07476_6 0.9461103739834927
1726 0 shot07479_34 0.93677959559607
1726 0 shot07479_173 0.8672948181206803
1726 0 shot07476_1 0.8570124089226081
1726 0 shot07476_3 0.8265899704333013
1726 0 shot07477_28 0.7072074781691393
1726 0 shot07476_4 0.6236643285903491
1726 0 shot07479_168 0.6202424045451974
1726 0 shot07477_51 0.6004803379684001
1726 0 shot07476_2 0.589180562595008
1726 0 shot07479_170 0.581166359054007
1726 0 shot07479_172 0.5686923013662284
1726 0 shot07479_288 0.5022917251527577
1726 0 shot07479_229 0.48443043027429156
1726 0 shot07480_108 0.4588679287189702
1726 0 shot07480_34 0.4345812522623238
1726 0 shot07478_36 0.42582709754049286
1726 0 shot07479_222 0.3897187105000034
1726 0 shot07477_48 0.36440669741859494
1726 0 shot07479_146 0.3458002668066265
1726 0 shot07479_324 0.3430792837614066
1726 0 shot07479_321 0.33579673996612147
1726 0 shot07479_237 0.3334459867986682
1726 0 shot07480_27 0.3188179776788732
1726 0 shot07480_30 0.3174423247940139
1726 0 shot07480_31 0.3170254602834506
1726 0 shot07480_32 0.3148994512795773
1726 0 shot07480_28 0.3077293816978872
1726 0 shot07480_29 0.3067289068725351
1726 0 shot07479_155 0.30389422820070416
1726 0 shot07479_37 0.30301881272852105
1726 0 shot07479_263 0.30180990564788723
1726 0 shot07479_175 0.300921500677555
1726 0 shot07479_228 0.2808833072176055
1726 0 shot07480_2 0.2764645434056337
1726 0 shot07480_3 0.2593730984725351
1726 0 shot07479_36 0.2508454512511639
1726 0 shot07480_1 0.23744602521690128
1726 0 shot07479_159 0.22281408089612667
1726 0 shot07479_313 0.2194374783605633
1726 0 shot07479_300 0.21285101909366197
1726 0 shot07480_5 0.19892774444084502
1726 0 shot07480_63 0.18417074076690132
1726 0 shot07480_112 0.1788348750316901
1726 0 shot07480_12 0.1756667047514084
1726 0 shot07478_12 0.17120625448838026
1726 0 shot07480_54 0.1701224067609155
1726 0 shot07479_131 0.1694971099950704
1726 0 shot07478_206 0.16024271786056335
1726 0 shot07480_26 0.15936730238838018
1726 0 shot07477_12 0.15357288569154925
1726 0 shot07479_338 0.14948761348802814
1726 0 shot07479_166 0.14673630771830976
1726 0 shot07480_42 0.1413587555320422
1726 0 shot07480_64 0.14006647554929577
1726 0 shot07480_43 0.13964961103873233
1726 0 shot07479_322 0.13794046654542247
1726 0 shot07479_183 0.13510578787359154
1726 0 shot07479_56 0.13110388857218305
1726 0 shot07479_312 0.11259510430316898
1726 0 shot07477_2 0.11205318043943654
1726 0 shot07480_6 0.11151125657570421
1726 0 shot07479_331 0.10992717143556337
1726 0 shot07479_275 0.10942693402288727
1726 0 shot07480_48 0.10930187466971826
1726 0 shot07479_105 0.1092185017676056
1726 0 shot07479_156 0.10800959468697184
1726 0 shot07479_17 0.10713417921478874
1726 0 shot07480_47 0.10605033148732389
1726 0 shot07479_43 0.10546672117253522
1726 0 shot07479_102 0.10450793279823936
1726 0 shot07480_90 0.1042995005429577
