1727 0 shot07476_5 1.0
1727 0 shot07476_7 0.7131713255428088
1727 0 shot07476_6 0.6814728287150386
1727 0 shot07479_34 0.6730646853321892
1727 0 shot07476_1 0.6023761837112285
1727 0 shot07476_3 0.5759867751539435
1727 0 shot07476_4 0.408373506827562
1727 0 shot07479_168 0.4056768660140823
1727 0 shot07476_2 0.38140286074430485
1727 0 shot07479_170 0.3752000968842428
1727 0 shot07479_172 0.36559502066592825
1727 0 shot07480_112 0.23903377732503042
1727 0 shot07479_263 0.20810162165015814
1727 0 shot07480_24 0.20810162165015814
1727 0 shot07479_321 0.19784779499342658
1727 0 shot07479_237 0.19627217865425015
1727 0 shot07479_175 0.17472715646575382
1727 0 shot07480_54 0.16517458145542843
1727 0 shot07479_229 0.1537839471536523
1727 0 shot07479_173 0.15221274026447623
1727 0 shot07480_34 0.1446306270468599
1727 0 shot07479_36 0.1425033285324792
1727 0 shot07480_15 0.12605408895422243
1727 0 shot07479_98 0.11895088693523041
1727 0 shot07480_22 0.1122222678352086
1727 0 shot07479_67 0.11077942992510084
1727 0 shot07479_292 0.10682549911374785
1727 0 shot07480_27 0.10610408015869398
1727 0 shot07480_30 0.1056462565910636
1727 0 shot07480_31 0.10550752217663016
1727 0 shot07480_32 0.10479997666301961
1727 0 shot07478_186 0.10344037940157194
1727 0 shot07480_28 0.10241374473476449
1727 0 shot07480_23 0.10233050408610443
1727 0 shot07480_29 0.10208078214012424
1727 0 shot07479_37 0.10084604585166665
1727 0 shot07479_53 0.09951419547310562
1727 0 shot07479_97 0.0960042147879396
1727 0 shot07479_183 0.09324339994071418
1727 0 shot07480_2 0.09200866365225659
1727 0 shot07480_18 0.08704197161553946
1727 0 shot07479_194 0.08679224966955927
1727 0 shot07480_3 0.08632055266048558
1727 0 shot07479_300 0.08601533694873205
1727 0 shot07476_8 0.08487771475037785
1727 0 shot07479_236 0.08479447410171777
1727 0 shot07479_169 0.08013299777675421
1727 0 shot07479_136 0.07978616174067062
1727 0 shot07480_1 0.0790231224612867
1727 0 shot07479_74 0.07873178019097647
1727 0 shot07479_174 0.06775788800929149
1727 0 shot07479_288 0.06727231755877447
1727 0 shot07480_108 0.06234724584638738
1727 0 shot07479_295 0.062111397341850526
1727 0 shot07480_63 0.061292864296693235
1727 0 shot07479_228 0.0611263829993731
1727 0 shot07480_12 0.05846268224225109
1727 0 shot07478_12 0.056978224007813306
1727 0 shot07479_12 0.05496657499852842
1727 0 shot07479_222 0.05424515604347455
1727 0 shot07479_13 0.05370409182718414
1727 0 shot07478_206 0.05332950890821387
1727 0 shot07480_26 0.053038166637903617
1727 0 shot07479_338 0.04975016101583114
1727 0 shot07479_146 0.04891775452923051
1727 0 shot07480_64 0.046614763249635434
1727 0 shot07479_56 0.04248047769951895
1727 0 shot07480_19 0.04044108180734741
1727 0 shot07480_14 0.038651407861156034
1727 0 shot07480_6 0.03711145586094488
1727 0 shot07479_105 0.036348416581560954
1727 0 shot07480_47 0.035294035031866816
1727 0 shot07480_90 0.03471135049124637
