1728 0 shot07479_263 1.0
1728 0 shot07478_34 0.2857142857142857
1728 0 shot07479_340 0.2436761904761905
1728 0 shot07480_110 0.22638095238095235
1728 0 shot07479_79 0.20720000000000002
1728 0 shot07479_23 0.1899428571428571
1728 0 shot07478_2 0.17721904761904764
1728 0 shot07478_6 0.17620952380952382
1728 0 shot07478_5 0.17367619047619046
1728 0 shot07479_220 0.16746666666666665
1728 0 shot07478_3 0.1671238095238095
1728 0 shot07478_4 0.1643047619047619
1728 0 shot07478_148 0.15133333333333332
1728 0 shot07478_8 0.13761904761904764
1728 0 shot07478_35 0.13529523809523814
1728 0 shot07479_78 0.1341142857142857
1728 0 shot07478_18 0.1302857142857143
1728 0 shot07479_162 0.12342857142857142
1728 0 shot07478_14 0.1212952380952381
1728 0 shot07478_9 0.12051428571428573
1728 0 shot07479_146 0.11794285714285714
1728 0 shot07478_261 0.11026666666666667
1728 0 shot07479_51 0.10723809523809523
1728 0 shot07479_2 0.10476190476190476
1728 0 shot07479_347 0.1035238095238095
1728 0 shot07480_16 0.1022095238095238
1728 0 shot07478_7 0.09958095238095241
1728 0 shot07478_13 0.09466666666666665
1728 0 shot07478_258 0.09424761904761907
1728 0 shot07478_15 0.0906095238095238
1728 0 shot07478_259 0.09020952380952381
1728 0 shot07478_260 0.08849523809523807
1728 0 shot07479_122 0.08807619047619046
1728 0 shot07478_10 0.08737142857142854
1728 0 shot07479_150 0.08045714285714288
1728 0 shot07478_262 0.07881904761904761
1728 0 shot07478_46 0.07074285714285714
1728 0 shot07478_12 0.07055238095238096
1728 0 shot07479_283 0.06824761904761906
1728 0 shot07477_96 0.0665142857142857
1728 0 shot07476_12 0.06379047619047619
1728 0 shot07479_341 0.06083809523809522
1728 0 shot07479_126 0.058399999999999994
1728 0 shot07478_16 0.058133333333333356
1728 0 shot07480_55 0.05775238095238094
1728 0 shot07479_284 0.057123809523809535
1728 0 shot07480_45 0.0558857142857143
1728 0 shot07479_8 0.053466666666666655
1728 0 shot07478_19 0.05299047619047619
1728 0 shot07479_16 0.049676190476190464
