1729 0 shot07476_5 1.0
1729 0 shot07476_7 0.993032142054394
1729 0 shot07476_6 0.9801078894133511
1729 0 shot07476_4 0.6868538806775454
1729 0 shot07476_3 0.6010957290874354
1729 0 shot07476_10 0.5259608900876601
1729 0 shot07476_8 0.5259608900876601
1729 0 shot07476_9 0.5259608900876601
1729 0 shot07476_12 0.49139132389300966
1729 0 shot07479_159 0.4528919973027645
1729 0 shot07476_1 0.42619521652721953
1729 0 shot07476_11 0.42375814789840416
1729 0 shot07476_2 0.30176685434929196
1729 0 shot07480_13 0.23237597302764665
1729 0 shot07480_55 0.22570788941335126
1729 0 shot07480_56 0.18862488199595412
1729 0 shot07476_14 0.1879433229939312
1729 0 shot07479_144 0.1592676180489998
1729 0 shot07479_302 0.13732316385704654
1729 0 shot07479_327 0.1269243425488874
1729 0 shot07479_34 0.12605079793211957
1729 0 shot07476_13 0.11950775455158458
1729 0 shot07480_96 0.11881321645313553
1729 0 shot07479_158 0.11603429398458978
1729 0 shot07479_293 0.1152258934592043
1729 0 shot07477_38 0.11150996342955269
1729 0 shot07479_291 0.1073229939312205
1729 0 shot07479_141 0.10679823891448864
1729 0 shot07480_88 0.10526058799730277
1729 0 shot07479_312 0.1045160434191953
1729 0 shot07479_316 0.10125837245482583
1729 0 shot07479_227 0.09267700606877949
1729 0 shot07479_253 0.09082490447291526
1729 0 shot07479_273 0.08668914362778153
1729 0 shot07480_57 0.08523263654753875
1729 0 shot07479_229 0.07932569116655427
1729 0 shot07479_232 0.07925190914992133
1729 0 shot07479_36 0.07782423016408181
1729 0 shot07479_51 0.0749092844499348
1729 0 shot07479_168 0.07126348177118454
1729 0 shot07479_170 0.0697860703978422
1729 0 shot07479_247 0.06865931939761744
1729 0 shot07479_172 0.06794530582153291
1729 0 shot07479_74 0.06411452461227242
1729 0 shot07478_95 0.0597535575634974
1729 0 shot07479_321 0.054648572533153514
1729 0 shot07479_175 0.054171346369970785
1729 0 shot07477_36 0.05394470667565745
1729 0 shot07477_52 0.05394470667565745
1729 0 shot07477_62 0.05394470667565745
1729 0 shot07477_64 0.05394470667565745
1729 0 shot07477_65 0.05394470667565745
1729 0 shot07477_72 0.05394470667565745
1729 0 shot07477_93 0.05394470667565745
1729 0 shot07477_95 0.05394470667565745
1729 0 shot07477_96 0.05394470667565745
1729 0 shot07477_98 0.05394470667565745
1729 0 shot07478_40 0.05394470667565745
1729 0 shot07478_41 0.05394470667565745
1729 0 shot07478_42 0.05394470667565745
1729 0 shot07478_64 0.05394470667565745
1729 0 shot07479_104 0.05394470667565745
1729 0 shot07479_105 0.05394470667565745
1729 0 shot07479_106 0.05394470667565745
1729 0 shot07479_110 0.05394470667565745
1729 0 shot07479_112 0.05394470667565745
1729 0 shot07479_121 0.05394470667565745
1729 0 shot07479_122 0.05394470667565745
1729 0 shot07479_123 0.05394470667565745
1729 0 shot07479_126 0.05394470667565745
1729 0 shot07479_128 0.05394470667565745
1729 0 shot07479_129 0.05394470667565745
1729 0 shot07479_12 0.05394470667565745
1729 0 shot07479_131 0.05394470667565745
1729 0 shot07479_132 0.05394470667565745
1729 0 shot07479_138 0.05394470667565745
1729 0 shot07479_142 0.05394470667565745
1729 0 shot07479_143 0.05394470667565745
1729 0 shot07479_146 0.05394470667565745
1729 0 shot07479_147 0.05394470667565745
1729 0 shot07479_148 0.05394470667565745
1729 0 shot07479_149 0.05394470667565745
1729 0 shot07479_150 0.05394470667565745
1729 0 shot07479_151 0.05394470667565745
1729 0 shot07479_152 0.05394470667565745
1729 0 shot07479_153 0.05394470667565745
1729 0 shot07479_154 0.05394470667565745
1729 0 shot07479_162 0.05394470667565745
1729 0 shot07479_163 0.05394470667565745
1729 0 shot07479_164 0.05394470667565745
1729 0 shot07479_171 0.05394470667565745
1729 0 shot07479_176 0.05394470667565745
1729 0 shot07479_179 0.05394470667565745
1729 0 shot07479_17 0.05394470667565745
1729 0 shot07479_180 0.05394470667565745
1729 0 shot07479_183 0.05394470667565745
1729 0 shot07479_188 0.05394470667565745
1729 0 shot07479_18 0.05394470667565745
1729 0 shot07479_192 0.05394470667565745
1729 0 shot07479_196 0.05394470667565745
1729 0 shot07479_197 0.05394470667565745
1729 0 shot07479_198 0.05394470667565745
1729 0 shot07479_19 0.05394470667565745
1729 0 shot07479_200 0.05394470667565745
1729 0 shot07479_201 0.05394470667565745
1729 0 shot07479_202 0.05394470667565745
1729 0 shot07479_204 0.05394470667565745
1729 0 shot07479_208 0.05394470667565745
1729 0 shot07479_214 0.05394470667565745
1729 0 shot07479_215 0.05394470667565745
1729 0 shot07479_216 0.05394470667565745
1729 0 shot07479_220 0.05394470667565745
1729 0 shot07479_22 0.05394470667565745
1729 0 shot07479_23 0.05394470667565745
1729 0 shot07479_243 0.05394470667565745
1729 0 shot07479_250 0.05394470667565745
1729 0 shot07479_252 0.05394470667565745
1729 0 shot07479_256 0.05394470667565745
1729 0 shot07479_257 0.05394470667565745
1729 0 shot07479_25 0.05394470667565745
1729 0 shot07479_262 0.05394470667565745
1729 0 shot07479_263 0.05394470667565745
1729 0 shot07479_267 0.05394470667565745
1729 0 shot07479_269 0.05394470667565745
1729 0 shot07479_275 0.05394470667565745
1729 0 shot07479_277 0.05394470667565745
1729 0 shot07479_280 0.05394470667565745
1729 0 shot07479_282 0.05394470667565745
1729 0 shot07479_283 0.05394470667565745
1729 0 shot07479_284 0.05394470667565745
1729 0 shot07479_285 0.05394470667565745
1729 0 shot07479_286 0.05394470667565745
1729 0 shot07479_287 0.05394470667565745
1729 0 shot07479_28 0.05394470667565745
1729 0 shot07479_290 0.05394470667565745
1729 0 shot07479_294 0.05394470667565745
1729 0 shot07479_295 0.05394470667565745
1729 0 shot07479_308 0.05394470667565745
1729 0 shot07479_310 0.05394470667565745
1729 0 shot07479_319 0.05394470667565745
1729 0 shot07479_31 0.05394470667565745
1729 0 shot07479_326 0.05394470667565745
1729 0 shot07479_330 0.05394470667565745
1729 0 shot07479_332 0.05394470667565745
1729 0 shot07479_334 0.05394470667565745
1729 0 shot07479_338 0.05394470667565745
1729 0 shot07479_33 0.05394470667565745
1729 0 shot07479_340 0.05394470667565745
1729 0 shot07479_37 0.05394470667565745
1729 0 shot07479_39 0.05394470667565745
1729 0 shot07479_40 0.05394470667565745
1729 0 shot07479_44 0.05394470667565745
1729 0 shot07479_45 0.05394470667565745
1729 0 shot07479_4 0.05394470667565745
1729 0 shot07479_53 0.05394470667565745
1729 0 shot07479_5 0.05394470667565745
1729 0 shot07479_60 0.05394470667565745
1729 0 shot07479_62 0.05394470667565745
1729 0 shot07479_63 0.05394470667565745
1729 0 shot07479_64 0.05394470667565745
1729 0 shot07479_65 0.05394470667565745
1729 0 shot07479_66 0.05394470667565745
1729 0 shot07479_69 0.05394470667565745
1729 0 shot07479_70 0.05394470667565745
1729 0 shot07479_71 0.05394470667565745
1729 0 shot07479_72 0.05394470667565745
1729 0 shot07479_76 0.05394470667565745
1729 0 shot07479_77 0.05394470667565745
1729 0 shot07479_78 0.05394470667565745
1729 0 shot07479_79 0.05394470667565745
1729 0 shot07479_7 0.05394470667565745
1729 0 shot07479_80 0.05394470667565745
1729 0 shot07479_81 0.05394470667565745
1729 0 shot07479_8 0.05394470667565745
1729 0 shot07479_90 0.05394470667565745
1729 0 shot07479_95 0.05394470667565745
1729 0 shot07480_100 0.05394470667565745
1729 0 shot07480_101 0.05394470667565745
1729 0 shot07480_103 0.05394470667565745
1729 0 shot07480_104 0.05394470667565745
1729 0 shot07480_105 0.05394470667565745
1729 0 shot07480_109 0.05394470667565745
1729 0 shot07480_10 0.05394470667565745
1729 0 shot07480_113 0.05394470667565745
1729 0 shot07480_14 0.05394470667565745
1729 0 shot07480_17 0.05394470667565745
1729 0 shot07480_18 0.05394470667565745
1729 0 shot07480_19 0.05394470667565745
1729 0 shot07480_1 0.05394470667565745
1729 0 shot07480_20 0.05394470667565745
1729 0 shot07480_21 0.05394470667565745
1729 0 shot07480_22 0.05394470667565745
1729 0 shot07480_23 0.05394470667565745
1729 0 shot07480_24 0.05394470667565745
1729 0 shot07480_25 0.05394470667565745
1729 0 shot07480_26 0.05394470667565745
1729 0 shot07480_33 0.05394470667565745
1729 0 shot07480_41 0.05394470667565745
1729 0 shot07480_42 0.05394470667565745
1729 0 shot07480_45 0.05394470667565745
1729 0 shot07480_47 0.05394470667565745
1729 0 shot07480_48 0.05394470667565745
1729 0 shot07480_49 0.05394470667565745
1729 0 shot07480_51 0.05394470667565745
1729 0 shot07480_52 0.05394470667565745
1729 0 shot07480_53 0.05394470667565745
1729 0 shot07480_58 0.05394470667565745
1729 0 shot07480_59 0.05394470667565745
1729 0 shot07480_5 0.05394470667565745
1729 0 shot07480_60 0.05394470667565745
1729 0 shot07480_61 0.05394470667565745
1729 0 shot07480_63 0.05394470667565745
1729 0 shot07480_67 0.05394470667565745
1729 0 shot07480_68 0.05394470667565745
1729 0 shot07480_74 0.05394470667565745
1729 0 shot07480_75 0.05394470667565745
1729 0 shot07480_7 0.05394470667565745
1729 0 shot07480_89 0.05394470667565745
1729 0 shot07480_93 0.05394470667565745
1729 0 shot07480_95 0.05394470667565745
1729 0 shot07480_9 0.05394470667565745
1729 0 shot07480_2 0.05391233985165205
1729 0 shot07479_137 0.05351674533603057
1729 0 shot07479_193 0.05272915261856597
1729 0 shot07479_15 0.05248819959541469
1729 0 shot07478_44 0.05192717464598787
1729 0 shot07478_43 0.05166464374016632
1729 0 shot07479_237 0.0513997795459654
1729 0 shot07479_177 0.050797932119577435
1729 0 shot07480_3 0.04982692739941559
1729 0 shot07479_299 0.04982333108563721
1729 0 shot07479_228 0.049402562373567084
1729 0 shot07477_66 0.04888828950325915
1729 0 shot07477_67 0.048661721735221396
1729 0 shot07479_173 0.048566922904023375
1729 0 shot07480_37 0.048471117104967404
1729 0 shot07479_155 0.047712294897729816
1729 0 shot07479_301 0.04698943582827601
1729 0 shot07477_94 0.04666936390200044
1729 0 shot07476_15 0.04592133063609799
1729 0 shot07478_233 0.04559406608226568
1729 0 shot07479_266 0.0450869858395145
1729 0 shot07477_110 0.04495032591593617
1729 0 shot07479_75 0.04470577657900652
1729 0 shot07479_67 0.044680602382557874
1729 0 shot07479_298 0.04450078669363902
1729 0 shot07479_195 0.04434254888739043
1729 0 shot07480_108 0.042803326590244994
1729 0 shot07479_125 0.042436502584850516
1729 0 shot07479_304 0.04156619465048326
1729 0 shot07479_313 0.04107349966284558
1729 0 shot07479_24 0.04041177792762418
1729 0 shot07479_16 0.04027152169026748
1729 0 shot07479_335 0.040239154866262075
1729 0 shot07477_97 0.03939761744212182
1729 0 shot07479_311 0.03862800629354911
1729 0 shot07479_133 0.03814610024724656
1729 0 shot07478_230 0.03738727804000899
1729 0 shot07479_271 0.03712834344796583
1729 0 shot07479_13 0.035632276916160936
1729 0 shot07480_114 0.03518633400764217
1729 0 shot07480_44 0.03484468419869634
1729 0 shot07479_305 0.03423331085637221
1729 0 shot07479_309 0.03419734771858844
1729 0 shot07478_182 0.034078669363902
1729 0 shot07479_264 0.03401033940211283
1729 0 shot07479_339 0.03400674308833446
1729 0 shot07479_261 0.03396358732299393
1729 0 shot07478_208 0.03393841312654529
1729 0 shot07478_63 0.0339060463025399
1729 0 shot07478_90 0.0339060463025399
1729 0 shot07478_138 0.03383412002697234
1729 0 shot07479_226 0.03383052371319398
1729 0 shot07478_114 0.033776579006518315
1729 0 shot07478_147 0.03377298269273994
1729 0 shot07478_67 0.03377298269273994
1729 0 shot07478_115 0.03376579006518318
1729 0 shot07479_50 0.033711845358507526
1729 0 shot07479_54 0.03368667116205889
1729 0 shot07479_206 0.03365430433805349
1729 0 shot07477_25 0.03365070802427512
1729 0 shot07478_196 0.033639919082939986
1729 0 shot07479_21 0.03361834120026972
1729 0 shot07479_52 0.03358237806248595
1729 0 shot07478_89 0.033524837042031914
1729 0 shot07478_139 0.03352124072825354
1729 0 shot07477_90 0.03351404810069678
1729 0 shot07478_71 0.0335104517869184
1729 0 shot07479_272 0.03350685547314003
1729 0 shot07479_258 0.033499662845583277
1729 0 shot07479_333 0.033467296021577886
1729 0 shot07479_10 0.03343133288379411
1729 0 shot07479_337 0.033402562373567084
1729 0 shot07479_314 0.033391773432231965
1729 0 shot07478_88 0.03337738817711846
1729 0 shot07478_93 0.03337379186334007
1729 0 shot07477_71 0.03337019554956169
1729 0 shot07479_203 0.03330905821532929
1729 0 shot07479_246 0.0332910766464374
1729 0 shot07478_203 0.033273095077545514
1729 0 shot07479_276 0.03326590244998876
1729 0 shot07477_42 0.033258709822432
1729 0 shot07478_229 0.033247920881096876
1729 0 shot07478_70 0.033247920881096876
1729 0 shot07477_85 0.03324432456731849
1729 0 shot07479_317 0.03324432456731849
1729 0 shot07479_320 0.0332119577433131
1729 0 shot07478_172 0.033204765115756346
1729 0 shot07479_318 0.03318678354686446
1729 0 shot07478_158 0.03317599460552933
1729 0 shot07477_27 0.03315082040908069
1729 0 shot07478_87 0.03307170150595639
1729 0 shot07478_116 0.033053719937064505
1729 0 shot07478_184 0.03304652730950775
1729 0 shot07478_185 0.03302854574061587
1729 0 shot07478_165 0.03302494942683749
1729 0 shot07477_24 0.03299977523038885
1729 0 shot07479_251 0.032988986289053716
1729 0 shot07478_56 0.03293144526859968
1729 0 shot07479_14 0.03292784895482131
1729 0 shot07479_186 0.03287030793436728
1729 0 shot07477_28 0.03285951899303214
1729 0 shot07478_219 0.03284873005169701
1729 0 shot07478_84 0.03281995954146998
1729 0 shot07478_104 0.03281276691391323
1729 0 shot07478_220 0.03280197797257811
1729 0 shot07478_154 0.03278759271746459
1729 0 shot07478_110 0.03278399640368622
1729 0 shot07479_160 0.03278040008990784
1729 0 shot07479_254 0.032769611148572714
1729 0 shot07478_62 0.03273724432456731
1729 0 shot07479_182 0.03273724432456731
1729 0 shot07477_91 0.03273364801078894
1729 0 shot07479_213 0.032730051697010556
1729 0 shot07477_9 0.03272645538323219
1729 0 shot07478_174 0.03271207012811867
1729 0 shot07479_190 0.03269408855922679
1729 0 shot07479_165 0.03268689593167004
1729 0 shot07479_270 0.03267970330411328
1729 0 shot07479_235 0.03264733648010788
1729 0 shot07479_315 0.03264374016632951
1729 0 shot07479_42 0.03264374016632951
1729 0 shot07478_226 0.032625758597437625
1729 0 shot07479_274 0.032579006518318715
1729 0 shot07478_78 0.032553832321870084
1729 0 shot07479_199 0.032550236008091704
1729 0 shot07477_83 0.032548862216228366
1729 0 shot07478_183 0.032528658125421446
1729 0 shot07478_134 0.032510676556529554
1729 0 shot07479_303 0.032510676556529554
1729 0 shot07480_115 0.03248909867385929
1729 0 shot07479_187 0.03247111710496741
1729 0 shot07479_134 0.03244953922229714
1729 0 shot07477_86 0.03240278714317824
1729 0 shot07478_85 0.03240278714317824
1729 0 shot07479_241 0.03240278714317824
1729 0 shot07479_156 0.03238840188806472
1729 0 shot07478_234 0.032330860867610695
1729 0 shot07479_35 0.03228410878849179
1729 0 shot07479_184 0.03226253090582153
1729 0 shot07479_288 0.03223016408181613
1729 0 shot07478_238 0.032115082040908065
1729 0 shot07477_43 0.03211148572712969
1729 0 shot07478_131 0.032097100472016186
1729 0 shot07478_200 0.03202517419644863
1729 0 shot07478_168 0.032010788941335126
1729 0 shot07479_97 0.031999999999999994
1729 0 shot07479_41 0.03199640368622162
1729 0 shot07479_48 0.03198561474488649
1729 0 shot07478_249 0.031978422117329736
1729 0 shot07480_65 0.031978422117329736
1729 0 shot07479_322 0.031974825803551356
1729 0 shot07479_107 0.03192447741065408
1729 0 shot07477_40 0.03187772533153518
1729 0 shot07479_84 0.031870532703978424
1729 0 shot07479_115 0.0318417621937514
1729 0 shot07479_46 0.03181299168352439
1729 0 shot07479_297 0.031802202742189256
1729 0 shot07477_81 0.03179860642841088
1729 0 shot07479_296 0.031759046976848726
1729 0 shot07478_187 0.03169790964261632
1729 0 shot07479_157 0.03169431332883794
1729 0 shot07478_118 0.03167633175994605
1729 0 shot07478_82 0.0316691391323893
1729 0 shot07479_324 0.03162957968082715
1729 0 shot07477_108 0.031608001798156884
1729 0 shot07479_114 0.03160440548437851
1729 0 shot07478_55 0.031572038660373114
1729 0 shot07478_217 0.03156844234659474
1729 0 shot07479_93 0.0315109013261407
1729 0 shot07479_328 0.031503708698583946
1729 0 shot07478_92 0.0314641492470218
1729 0 shot07479_331 0.03146055293324342
1729 0 shot07479_43 0.03140301191278939
1729 0 shot07478_150 0.03139941559901101
1729 0 shot07478_68 0.03137783771634075
1729 0 shot07479_61 0.03137424140256236
1729 0 shot07478_149 0.031370645088784
1729 0 shot07479_205 0.03136704877500561
1729 0 shot07478_106 0.031363452461227244
1729 0 shot07479_161 0.031331085637221846
1729 0 shot07479_38 0.031323893009665094
1729 0 shot07479_108 0.03131310406832996
1729 0 shot07478_130 0.03126275567543268
1729 0 shot07478_186 0.03126275567543268
1729 0 shot07479_92 0.0312591593616543
1729 0 shot07477_33 0.031241177792762417
1729 0 shot07479_113 0.031212407282535402
1729 0 shot07477_109 0.03119442571364351
1729 0 shot07478_173 0.031104517869184084
1729 0 shot07479_230 0.031068554731400317
1729 0 shot07478_96 0.031050573162508425
1729 0 shot07477_56 0.03100382108338952
1729 0 shot07479_248 0.030996628455832766
1729 0 shot07479_329 0.03097864688694089
1729 0 shot07479_145 0.030957069004270622
1729 0 shot07479_27 0.030949876376713866
1729 0 shot07477_32 0.030931894807821984
1729 0 shot07478_111 0.030931894807821984
1729 0 shot07479_109 0.03090312429759496
1729 0 shot07478_127 0.0308815464149247
1729 0 shot07477_59 0.03081681276691391
1729 0 shot07477_30 0.030791638570465265
1729 0 shot07478_156 0.030770060687795003
1729 0 shot07479_244 0.03075207911890312
1729 0 shot07478_73 0.03070892335356259
1729 0 shot07479_103 0.030683749157113954
1729 0 shot07478_242 0.03064418970555181
1729 0 shot07479_111 0.030611822881546413
1729 0 shot07477_107 0.030608226567768033
1729 0 shot07478_151 0.030604630253989656
1729 0 shot07479_94 0.030464374016632947
1729 0 shot07479_268 0.030406832996178912
1729 0 shot07477_104 0.030403236682400542
1729 0 shot07478_225 0.030388851427287027
1729 0 shot07478_191 0.030291750955270848
1729 0 shot07479_242 0.030291750955270848
1729 0 shot07478_207 0.03024499887615194
1729 0 shot07479_91 0.030183861541919536
1729 0 shot07478_140 0.030050797932119573
1729 0 shot07479_240 0.030004045853000674
1729 0 shot07479_259 0.02998606428410879
1729 0 shot07479_169 0.02989256012587098
1729 0 shot07479_55 0.029842211732973703
1729 0 shot07478_72 0.029777478084962904
1729 0 shot07479_181 0.029773881771184535
1729 0 shot07477_103 0.02969116655428186
1729 0 shot07478_152 0.029590469768487296
1729 0 shot07479_174 0.029496965610249493
1729 0 shot07479_130 0.029486176668914364
1729 0 shot07477_106 0.029478984041357608
1729 0 shot07479_30 0.02932793886266577
1729 0 shot07477_70 0.029281186783546864
1729 0 shot07478_105 0.029097774780849624
1729 0 shot07479_289 0.029097774780849624
1729 0 shot07479_341 0.029097774780849624
1729 0 shot07478_129 0.028910766464374016
1729 0 shot07479_191 0.02889638120926051
1729 0 shot07479_96 0.028817262306136203
1729 0 shot07477_87 0.02875612497190379
1729 0 shot07478_53 0.028655428186109236
1729 0 shot07480_107 0.028515171948752523
1729 0 shot07478_133 0.028396493594066083
1729 0 shot07477_88 0.028234659474039105
1729 0 /nshot07479_100 0.028097999550460773
1729 0 shot07478_146 0.0278102944481906
1729 0 shot07479_323 0.027540570914812317
1729 0 shot07478_252 0.027497415149471786
1729 0 shot07477_68 0.027281636322769157
1729 0 shot07478_251 0.027227691616093497
1729 0 shot07478_171 0.027224095302315128
1729 0 shot07478_235 0.027213306360979992
1729 0 shot07478_57 0.02701910541694763
1729 0 shot07479_222 0.026864463924477406
1729 0 shot07478_157 0.026832097100472015
1729 0 shot07479_120 0.02643650258485053
1729 0 shot07479_32 0.02636457630928298
1729 0 shot07479_127 0.026271072151045183
1729 0 shot07480_69 0.02608046752079119
1729 0 shot07478_211 0.026040908069229037
1729 0 shot07478_167 0.02586109238031018
1729 0 shot07479_239 0.0258107439874129
1729 0 shot07477_105 0.025792762418521017
1729 0 shot07479_56 0.025429534726904922
1729 0 shot07479_47 0.0251813890761969
1729 0 shot07480_73 0.025095077545515845
1729 0 shot07477_22 0.024926050797932118
1729 0 shot07479_29 0.024908069229040236
1729 0 shot07478_199 0.024839739267251068
1729 0 shot07479_231 0.02448370420319173
1729 0 /nshot07477_102 0.024444144751629576
1729 0 shot07480_43 0.024102494942683746
1729 0 shot07478_45 0.02297325241627332
1729 0 shot07478_46 0.02297325241627332
1729 0 shot07480_98 0.022872555630478762
1729 0 shot07479_233 0.022847381434030117
1729 0 shot07479_234 0.022171274443695214
1729 0 shot07477_35 0.02201303663744662
1729 0 shot07478_255 0.02195909193077096
1729 0 shot07478_37 0.02078309732524163
1729 0 shot07478_143 0.0207399415599011
1729 0 shot07478_254 0.020423465947403904
1729 0 shot07477_26 0.020193301865587775
1729 0 shot07480_92 0.019869633625533827
1729 0 shot07477_21 0.019384131265452915
1729 0 shot07478_83 0.019312204989885364
1729 0 shot07477_60 0.018844684198696334
1729 0 shot07478_107 0.01881591368846932
1729 0 shot07480_99 0.018740391099123403
1729 0 shot07477_11 0.018456282310631598
1729 0 shot07479_6 0.018229714542593835
1729 0 shot07479_86 0.018229714542593835
1729 0 shot07479_194 0.01806428410878849
1729 0 shot07479_238 0.017247920881096876
1729 0 shot07479_336 0.016942234209934817
1729 0 shot07480_36 0.016837941110361875
1729 0 shot07479_236 0.016758822207237577
1729 0 shot07478_243 0.016449539222297145
1729 0 shot07480_112 0.015672735446167676
1729 0 shot07478_38 0.015345470892335358
1729 0 shot07480_97 0.014806023825578779
1729 0 shot07478_125 0.012594290851876827
1729 0 shot07479_9 0.012472016183412002
1729 0 shot07480_15 0.01246122724207687
1729 0 shot07479_225 0.012047651157563495
1729 0 shot07478_181 0.012044054843785118
1729 0 shot07480_78 0.012029669588671611
1729 0 shot07479_102 0.011928972802877054
1729 0 shot07480_80 0.011767138682850075
1729 0 shot07480_81 0.011396718363677229
1729 0 shot07480_77 0.011378736794785344
1729 0 shot07478_24 0.011238480557428635
1729 0 shot07480_79 0.010857271296920658
1729 0 shot07478_126 0.010663070352888288
1729 0 /nshot07480_100 0.010148797482580355
1729 0 shot07477_75 0.010138008541245224
1729 0 shot07480_62 0.01007687120701281
1729 0 shot07480_102 0.009749606653180493
1729 0 shot07479_136 0.009641717239829175
1729 0 shot07480_83 0.009343223196223872
1729 0 shot07478_22 0.009145425938413125
1729 0 shot07479_255 0.00912744436952124
1729 0 shot07480_85 0.009102270173072595
