1730 0 shot07479_263 1.0
1730 0 shot07480_91 1.0
1730 0 shot07478_162 0.8399333333333333
1730 0 shot07480_70 0.8056666666666666
1730 0 shot07478_111 0.6166666666666667
1730 0 shot07479_117 0.5288
1730 0 shot07479_59 0.49733333333333335
1730 0 shot07479_93 0.4929333333333332
1730 0 shot07479_205 0.48006666666666664
1730 0 shot07480_49 0.4582
1730 0 shot07479_57 0.4426666666666666
1730 0 shot07479_58 0.43806666666666666
1730 0 shot07479_169 0.3850666666666666
1730 0 shot07477_48 0.3537333333333333
1730 0 shot07480_62 0.31339999999999996
1730 0 shot07480_106 0.30493333333333333
1730 0 shot07479_185 0.3032000000000001
1730 0 shot07480_108 0.29960000000000003
1730 0 shot07479_227 0.28720000000000007
1730 0 shot07479_253 0.27346666666666675
1730 0 shot07478_30 0.2709333333333334
1730 0 shot07479_288 0.26753333333333335
1730 0 shot07479_222 0.26066666666666666
1730 0 shot07477_53 0.2572666666666666
1730 0 shot07479_89 0.2521333333333334
1730 0 shot07480_67 0.24739999999999998
1730 0 shot07479_88 0.2463333333333333
1730 0 shot07478_29 0.23993333333333342
1730 0 shot07478_25 0.2398000000000001
1730 0 shot07480_57 0.2319999999999999
1730 0 shot07479_81 0.22326666666666664
1730 0 shot07479_64 0.21440000000000006
1730 0 shot07478_33 0.1914000000000001
1730 0 shot07479_105 0.19093333333333332
1730 0 shot07479_118 0.18760000000000007
1730 0 shot07477_47 0.17473333333333332
1730 0 shot07479_202 0.16839999999999997
1730 0 shot07480_60 0.16839999999999997
