1711 0 shot07476_6 1
1711 0 shot07476_8 1
1711 0 shot07476_7 1
1711 0 shot07476_12 1
1711 0 shot07476_10 1
1711 0 shot07476_4 1
1711 0 shot07476_2 1
1711 0 shot07476_5 1
1711 0 shot07476_14 1
1711 0 shot07476_3 1
1711 0 shot07476_1 1
1711 0 shot07476_13 1
1711 0 shot07476_9 1
1711 0 /nshot07477_51 1
1711 0 shot07477_87 1
1711 0 shot07477_78 1
1711 0 shot07477_10 1
1711 0 shot07477_64 1
1711 0 shot07477_6 1
1711 0 shot07477_100 1
1711 0 shot07477_32 1
1711 0 shot07477_53 1
1711 0 shot07477_75 1
1711 0 shot07477_99 1
1711 0 shot07477_81 1
1711 0 shot07477_8 1
1711 0 shot07477_18 1
1711 0 shot07477_52 1
1711 0 shot07477_1 1
1711 0 shot07477_27 1
1711 0 /nshot07478_104 1
1711 0 shot07478_89 1
1711 0 shot07478_162 1
1711 0 shot07478_196 1
1711 0 shot07478_191 1
1711 0 shot07478_5 1
1711 0 shot07478_97 1
1711 0 shot07478_33 1
1711 0 shot07478_26 1
1711 0 shot07478_4 1
1711 0 shot07478_154 1
1711 0 shot07478_48 1
1711 0 shot07478_41 1
1711 0 shot07478_125 1
1711 0 shot07478_28 1
1711 0 shot07478_124 1
1711 0 shot07478_138 1
1711 0 shot07478_62 1
1711 0 shot07478_239 1
1711 0 shot07478_16 1
1711 0 shot07478_88 1
1711 0 shot07478_133 1
1711 0 shot07478_121 1
1711 0 shot07478_94 1
1711 0 shot07478_3 1
1711 0 shot07478_39 1
1711 0 shot07478_242 1
1711 0 shot07478_182 1
1711 0 shot07478_122 1
1711 0 shot07478_13 1
1711 0 shot07478_6 1
1711 0 shot07478_208 1
1711 0 shot07478_78 1
1711 0 shot07478_63 1
1711 0 shot07478_31 1
1711 0 shot07478_30 1
1711 0 shot07478_110 1
1711 0 shot07478_23 1
1711 0 shot07478_12 1
1711 0 shot07478_216 1
1711 0 shot07478_166 1
1711 0 shot07478_35 1
1711 0 shot07478_2 1
1711 0 shot07478_40 1
1711 0 shot07478_258 1
1711 0 shot07478_67 1
1711 0 shot07478_24 1
1711 0 shot07478_85 1
1711 0 shot07478_87 1
1711 0 shot07478_193 1
1711 0 shot07478_25 1
1711 0 shot07478_11 1
1711 0 shot07478_29 1
1711 0 shot07478_103 1
1711 0 shot07478_42 1
1711 0 shot07478_36 1
1711 0 shot07478_34 1
1711 0 shot07478_20 1
1711 0 shot07478_37 1
1711 0 shot07478_22 1
1711 0 shot07478_206 1
1711 0 /nshot07479_198 1
1711 0 shot07479_37 1
1711 0 shot07479_34 1
1711 0 shot07479_345 1
1711 0 shot07479_276 1
1711 0 shot07479_293 1
1711 0 shot07479_132 1
1711 0 shot07479_42 1
1711 0 shot07479_311 1
1711 0 shot07479_225 1
1711 0 shot07479_251 1
1711 0 shot07479_44 1
1711 0 shot07479_98 1
1711 0 shot07479_230 1
1711 0 shot07479_63 1
1711 0 shot07479_238 1
1711 0 shot07479_215 1
1711 0 shot07479_312 1
1711 0 shot07479_260 1
1711 0 shot07479_75 1
1711 0 shot07479_83 1
1711 0 shot07479_241 1
1711 0 shot07479_151 1
1711 0 shot07479_271 1
1711 0 shot07479_58 1
1711 0 shot07479_40 1
1711 0 shot07479_255 1
1711 0 shot07479_74 1
1711 0 shot07479_19 1
1711 0 shot07479_298 1
1711 0 shot07479_308 1
1711 0 shot07479_99 1
1711 0 shot07479_282 1
1711 0 shot07479_307 1
1711 0 shot07479_80 1
1711 0 shot07479_240 1
1711 0 shot07479_90 1
1711 0 shot07479_114 1
1711 0 shot07479_344 1
1711 0 shot07479_53 1
1711 0 shot07479_152 1
1711 0 shot07479_247 1
1711 0 shot07479_135 1
1711 0 shot07479_343 1
1711 0 shot07479_245 1
1711 0 shot07479_342 1
1711 0 shot07479_234 1
1711 0 shot07479_45 1
1711 0 shot07479_283 1
1711 0 shot07479_55 1
1711 0 shot07479_280 1
1711 0 shot07479_102 1
1711 0 shot07479_162 1
1711 0 shot07479_183 1
1711 0 shot07479_200 1
1711 0 shot07479_11 1
1711 0 shot07479_229 1
1711 0 shot07479_148 1
1711 0 shot07479_71 1
1711 0 shot07479_59 1
1711 0 shot07479_96 1
1711 0 shot07479_31 1
1711 0 shot07479_291 1
1711 0 shot07479_249 1
1711 0 shot07479_57 1
1711 0 shot07479_106 1
1711 0 shot07479_244 1
1711 0 shot07479_179 1
1711 0 shot07479_292 1
1711 0 shot07479_340 1
1711 0 shot07479_110 1
1711 0 shot07479_331 1
1711 0 shot07479_66 1
1711 0 shot07479_130 1
1711 0 shot07479_24 1
1711 0 shot07479_143 1
1711 0 shot07479_155 1
1711 0 shot07479_222 1
1711 0 shot07479_223 1
1711 0 shot07479_191 1
1711 0 shot07479_306 1
1711 0 shot07479_68 1
1711 0 shot07479_313 1
1711 0 shot07479_78 1
1711 0 shot07479_194 1
1711 0 shot07479_213 1
1711 0 shot07479_332 1
1711 0 shot07479_327 1
1711 0 shot07479_295 1
1711 0 shot07479_158 1
1711 0 shot07479_300 1
1711 0 shot07479_290 1
1711 0 shot07479_85 1
1711 0 shot07479_185 1
1711 0 shot07479_127 1
1711 0 shot07479_214 1
1711 0 shot07479_49 1
1711 0 shot07479_176 1
1711 0 shot07479_20 1
1711 0 shot07479_13 1
1711 0 shot07479_224 1
1711 0 shot07479_60 1
1711 0 shot07479_252 1
1711 0 /nshot07480_72 1
1711 0 shot07480_9 1
1711 0 shot07480_69 1
1711 0 shot07480_101 1
1711 0 shot07480_85 1
1711 0 shot07480_12 1
1711 0 shot07480_102 1
1711 0 shot07480_103 1
1711 0 shot07480_36 1
1711 0 shot07480_30 1
1711 0 shot07480_13 1
1711 0 shot07480_23 1
1711 0 shot07480_58 1
1711 0 shot07480_28 1
1711 0 shot07480_79 1
1711 0 shot07480_83 1
1711 0 shot07480_42 1
1711 0 shot07480_107 1
1711 0 shot07480_3 1
1711 0 shot07480_27 1
1711 0 shot07480_55 1
1711 0 shot07480_39 1
1711 0 shot07480_63 1
1711 0 shot07480_14 1
1711 0 shot07480_33 1
1711 0 shot07480_113 1
1711 0 shot07480_77 1
1711 0 shot07480_93 1
1711 0 shot07480_65 1
1711 0 shot07480_62 1
1711 0 shot07480_84 1
1711 0 shot07480_67 1
1711 0 shot07480_44 1
1711 0 shot07480_100 1
1711 0 shot07480_7 1
1711 0 shot07480_111 1
1711 0 shot07480_1 1
1711 0 shot07480_97 1
1711 0 shot07480_32 1
1711 0 shot07480_90 1
1711 0 shot07480_26 1
1711 0 shot07480_38 1
1711 0 shot07480_112 1
1711 0 shot07480_99 1
1711 0 shot07480_43 1
1711 0 shot07480_29 1
1711 0 shot07480_81 1
1711 0 shot07480_15 1
1711 0 shot07480_86 1
1711 0 shot07480_78 1
1711 0 shot07480_4 1
1711 0 shot07480_94 1
1711 0 shot07480_31 1
1711 0 shot07480_35 1
1711 0 shot07480_76 1
1711 0 shot07480_52 1
1711 0 shot07480_104 1
1711 0 shot07480_70 1
1711 0 shot07480_17 1
1711 0 shot07480_88 1
1711 0 shot07480_11 1
1711 0 shot07480_109 1
1711 0 shot07480_53 1
1711 0 shot07480_61 1
1711 0 shot07480_71 1
1711 0 shot07480_95 1
1711 0 shot07480_34 1
1711 0 shot07480_25 1
1711 0 shot07480_2 1
1711 0 shot07480_82 1
1711 0 shot07480_46 1
1711 0 shot07480_66 1
1711 0 shot07480_18 1
1711 0 shot07480_50 1
1711 0 shot07480_20 1
1711 0 shot07480_80 1
1711 0 shot07480_8 1
1711 0 shot07480_64 1
1711 0 shot07480_6 1
1711 0 shot07480_98 1
1711 0 shot07480_96 1
1711 0 shot07480_51 1
1711 0 /nshot07481_85 1
1711 0 shot07481_76 1
1711 0 shot07481_59 1
1711 0 shot07481_94 1
1711 0 shot07481_32 1
1711 0 shot07481_78 1
1711 0 shot07481_55 1
1711 0 shot07481_77 1
1711 0 shot07481_93 1
1711 0 shot07481_96 1
1711 0 shot07481_97 1
1711 0 shot07481_50 1
1711 0 shot07481_68 1
1711 0 shot07481_57 1
1711 0 shot07481_80 1
1711 0 shot07481_35 1
1711 0 shot07481_25 1
1711 0 shot07481_72 1
1711 0 shot07481_39 1
1711 0 shot07481_47 1
1711 0 shot07481_81 1
1711 0 shot07481_91 1
1711 0 shot07481_64 1
1711 0 shot07481_28 1
1711 0 shot07481_7 1
1711 0 shot07481_89 1
1711 0 shot07481_87 1
1711 0 shot07481_46 1
1711 0 shot07481_88 1
1711 0 shot07481_6 1
1711 0 shot07481_36 1
1711 0 shot07481_56 1
1711 0 shot07481_43 1
1711 0 shot07481_31 1
1711 0 shot07481_19 1
1711 0 shot07481_84 1
1711 0 shot07481_29 1
1711 0 shot07481_40 1
1711 0 shot07481_83 1
1711 0 shot07481_98 1
1711 0 shot07481_44 1
1711 0 shot07481_49 1
1711 0 shot07481_79 1
1711 0 shot07481_67 1
1711 0 shot07481_13 1
1711 0 shot07481_21 1
1711 0 shot07481_45 1
1711 0 shot07481_5 1
1711 0 shot07481_92 1
1711 0 shot07481_24 1
1711 0 shot07481_51 1
1711 0 shot07481_30 1
1711 0 shot07481_22 1
1711 0 shot07481_26 1
1711 0 shot07481_61 1
1711 0 shot07481_82 1
1711 0 shot07481_4 1
1711 0 shot07481_42 1
1711 0 shot07481_14 1
1711 0 shot07481_86 1
1711 0 shot07481_8 1
1711 0 shot07481_33 1
1711 0 /nshot07482_29 1
1711 0 shot07482_39 1
1711 0 shot07482_59 1
1711 0 shot07482_41 1
1711 0 shot07482_40 1
1711 0 shot07482_47 1
1711 0 shot07482_37 1
1711 0 shot07482_10 1
1711 0 shot07482_21 1
1711 0 shot07482_23 1
1711 0 shot07482_5 1
1711 0 shot07482_51 1
1711 0 shot07482_13 1
1711 0 shot07482_32 1
1711 0 shot07482_24 1
1711 0 shot07482_22 1
1711 0 shot07482_45 1
1711 0 shot07482_48 1
1711 0 shot07482_42 1
1711 0 shot07482_61 1
1711 0 shot07482_35 1
1711 0 shot07482_63 1
1711 0 shot07482_17 1
1711 0 shot07482_44 1
1711 0 shot07482_4 1
1711 0 shot07482_9 1
1711 0 shot07482_30 1
1711 0 shot07482_19 1
1711 0 shot07482_2 1
1711 0 shot07482_28 1
1711 0 /nshot07483_131 1
1711 0 shot07483_89 1
1711 0 shot07483_55 1
1711 0 shot07483_125 1
1711 0 shot07483_62 1
1711 0 shot07483_59 1
1711 0 shot07483_5 1
1711 0 shot07483_79 1
1711 0 shot07483_3 1
1711 0 shot07483_69 1
1711 0 shot07483_135 1
1711 0 shot07483_10 1
1711 0 shot07483_90 1
1711 0 shot07483_46 1
1711 0 shot07483_61 1
1711 0 shot07483_84 1
1711 0 shot07483_81 1
1711 0 shot07483_114 1
1711 0 shot07483_15 1
1711 0 shot07483_63 1
1711 0 shot07483_25 1
1711 0 shot07483_20 1
1711 0 shot07483_80 1
1711 0 shot07483_52 1
1711 0 shot07483_68 1
1711 0 shot07483_105 1
1711 0 shot07483_136 1
1711 0 shot07483_4 1
1711 0 shot07483_104 1
1711 0 shot07483_95 1
1711 0 shot07483_6 1
1711 0 shot07483_8 1
1711 0 shot07483_76 1
1711 0 shot07483_58 1
1711 0 shot07483_32 1
1711 0 shot07483_126 1
1711 0 shot07483_129 1
1711 0 shot07483_111 1
1711 0 shot07483_97 1
1711 0 shot07483_67 1
1711 0 shot07483_7 1
1711 0 shot07483_134 1
1711 0 shot07483_119 1
1711 0 shot07483_130 1
1711 0 shot07483_35 1
1711 0 shot07483_133 1
1711 0 shot07483_94 1
1711 0 shot07483_113 1
1711 0 shot07483_96 1
1711 0 shot07483_18 1
1711 0 shot07483_128 1
1711 0 shot07483_33 1
1711 0 shot07483_100 1
1711 0 shot07483_140 1
1711 0 shot07483_123 1
1711 0 shot07483_26 1
1711 0 shot07483_92 1
1711 0 shot07483_60 1
1711 0 shot07483_2 1
1711 0 shot07483_112 1
1711 0 shot07483_56 1
1711 0 shot07483_54 1
1711 0 shot07483_93 1
1711 0 shot07483_132 1
1711 0 shot07483_78 1
1711 0 shot07483_98 1
1711 0 shot07483_87 1
1711 0 shot07483_53 1
1711 0 shot07483_24 1
1711 0 shot07483_108 1
1711 0 shot07483_139 1
1711 0 shot07483_109 1
1711 0 shot07483_83 1
1711 0 shot07483_99 1
1711 0 shot07483_124 1
1711 0 shot07483_137 1
1711 0 /nshot07484_55 1
1711 0 shot07484_91 1
1711 0 shot07484_69 1
1711 0 shot07484_76 1
1711 0 shot07484_41 1
1711 0 shot07484_57 1
1711 0 shot07484_11 1
1711 0 shot07484_13 1
1711 0 shot07484_85 1
1711 0 shot07484_120 1
1711 0 shot07484_71 1
1711 0 shot07484_9 1
1711 0 shot07484_56 1
1711 0 shot07484_40 1
1711 0 shot07484_107 1
1711 0 shot07484_52 1
1711 0 shot07484_104 1
1711 0 shot07484_131 1
1711 0 shot07484_108 1
1711 0 shot07484_99 1
1711 0 shot07484_51 1
1711 0 shot07484_22 1
1711 0 shot07484_67 1
1711 0 /nshot07485_102 1
1711 0 shot07485_18 1
1711 0 shot07485_17 1
1711 0 shot07485_4 1
1711 0 shot07485_30 1
1711 0 shot07485_92 1
1711 0 shot07485_131 1
1711 0 shot07485_35 1
1711 0 shot07485_29 1
1711 0 shot07485_110 1
1711 0 shot07485_37 1
1711 0 shot07485_25 1
1711 0 shot07485_129 1
1711 0 shot07485_32 1
1711 0 shot07485_103 1
1711 0 shot07485_73 1
1711 0 shot07485_7 1
1711 0 shot07485_121 1
1711 0 shot07485_53 1
1711 0 shot07485_115 1
1711 0 shot07485_56 1
1711 0 shot07485_130 1
1711 0 shot07485_85 1
1711 0 shot07485_55 1
1711 0 shot07485_57 1
1711 0 shot07485_6 1
1711 0 shot07485_116 1
1711 0 shot07485_49 1
1711 0 shot07485_70 1
1711 0 shot07485_1 1
1711 0 shot07485_137 1
1711 0 shot07485_94 1
1711 0 shot07485_8 1
1711 0 shot07485_33 1
1711 0 shot07485_42 1
1711 0 shot07485_119 1
1711 0 shot07485_72 1
1711 0 shot07485_97 1
1711 0 shot07485_124 1
1711 0 shot07485_24 1
1711 0 shot07485_54 1
1711 0 shot07485_84 1
1711 0 shot07485_113 1
1711 0 shot07485_23 1
1711 0 shot07485_91 1
1711 0 shot07485_39 1
1711 0 shot07485_52 1
1711 0 shot07485_93 1
1711 0 shot07485_122 1
1711 0 shot07485_77 1
1711 0 shot07485_38 1
1711 0 shot07485_9 1
1711 0 shot07485_120 1
1711 0 /nshot07486_76 1
1711 0 shot07486_76 1
1711 0 shot07486_14 1
1711 0 shot07486_30 1
1711 0 shot07486_77 1
1711 0 shot07486_34 1
1711 0 shot07486_63 1
1711 0 shot07486_26 1
1711 0 shot07486_50 1
1711 0 shot07486_51 1
1711 0 shot07486_28 1
1711 0 shot07486_94 1
1711 0 shot07486_27 1
1711 0 shot07486_102 1
1711 0 shot07486_47 1
1711 0 shot07486_60 1
1711 0 shot07486_15 1
1711 0 shot07486_46 1
1711 0 shot07486_45 1
1711 0 shot07486_118 1
1711 0 shot07486_44 1
1711 0 shot07486_117 1
1711 0 shot07486_21 1
1711 0 shot07486_22 1
1711 0 shot07486_32 1
1711 0 shot07486_96 1
1711 0 shot07486_80 1
1711 0 shot07486_7 1
1711 0 shot07486_39 1
1711 0 shot07486_79 1
1711 0 shot07486_103 1
1711 0 shot07486_101 1
1711 0 shot07486_12 1
1711 0 shot07486_83 1
1711 0 shot07486_3 1
1711 0 shot07486_56 1
1711 0 shot07486_59 1
1711 0 shot07486_37 1
1711 0 shot07486_104 1
1711 0 shot07486_74 1
1711 0 shot07486_78 1
1711 0 shot07486_67 1
1711 0 shot07486_75 1
1711 0 shot07486_20 1
1711 0 shot07486_17 1
1711 0 shot07486_71 1
1711 0 shot07486_99 1
1711 0 shot07486_4 1
1711 0 shot07486_73 1
1711 0 shot07486_11 1
1711 0 shot07486_65 1
1711 0 shot07486_113 1
1711 0 shot07486_70 1
1711 0 shot07486_109 1
1711 0 shot07486_57 1
1711 0 shot07486_111 1
1711 0 shot07486_53 1
1711 0 shot07486_24 1
1711 0 /nshot07487_11 1
1711 0 shot07487_11 1
1711 0 shot07487_48 1
1711 0 shot07487_71 1
1711 0 shot07487_99 1
1711 0 shot07487_46 1
1711 0 shot07487_69 1
1711 0 shot07487_13 1
1711 0 shot07487_116 1
1711 0 shot07487_70 1
1711 0 shot07487_45 1
1711 0 shot07487_74 1
1711 0 shot07487_94 1
1711 0 shot07487_17 1
1711 0 shot07487_10 1
1711 0 shot07487_108 1
1711 0 shot07487_54 1
1711 0 shot07487_4 1
1711 0 shot07487_44 1
1711 0 shot07487_82 1
1711 0 shot07487_58 1
1711 0 shot07487_68 1
1711 0 shot07487_127 1
1711 0 shot07487_97 1
1711 0 shot07487_115 1
1711 0 shot07487_72 1
1711 0 shot07487_95 1
1711 0 shot07487_47 1
1711 0 shot07487_100 1
1711 0 shot07487_18 1
1711 0 shot07487_114 1
1711 0 shot07487_7 1
1711 0 shot07487_128 1
1711 0 shot07487_124 1
1711 0 shot07487_113 1
1711 0 shot07487_65 1
1711 0 shot07487_6 1
1711 0 shot07487_79 1
1711 0 shot07487_111 1
1711 0 shot07487_96 1
1711 0 shot07487_93 1
1711 0 shot07487_84 1
1711 0 shot07487_80 1
1711 0 shot07487_98 1
1711 0 shot07487_92 1
1711 0 shot07487_129 1
1711 0 shot07487_106 1
1711 0 shot07487_104 1
1711 0 shot07487_112 1
1711 0 shot07487_78 1
1711 0 shot07487_66 1
1711 0 shot07487_67 1
1711 0 shot07487_103 1
1711 0 shot07487_123 1
1711 0 shot07487_125 1
1711 0 shot07487_14 1
1711 0 /nshot07488_21 1
1711 0 shot07488_18 1
1711 0 shot07488_23 1
1711 0 shot07488_10 1
1711 0 shot07488_5 1
1711 0 shot07488_7 1
1711 0 shot07488_1 1
1711 0 shot07488_22 1
1711 0 shot07488_36 1
1711 0 shot07488_2 1
1711 0 shot07488_4 1
1711 0 shot07488_17 1
1711 0 shot07488_24 1
1711 0 shot07488_3 1
1711 0 /nshot07489_36 1
1711 0 shot07489_56 1
1711 0 shot07489_4 1
1711 0 shot07489_115 1
1711 0 shot07489_58 1
1711 0 shot07489_100 1
1711 0 shot07489_132 1
1711 0 shot07489_55 1
1711 0 shot07489_80 1
1711 0 shot07489_51 1
1711 0 shot07489_134 1
1711 0 shot07489_59 1
1711 0 shot07489_75 1
1711 0 shot07489_13 1
1711 0 shot07489_67 1
1711 0 shot07489_125 1
1711 0 shot07489_131 1
1711 0 shot07489_85 1
1711 0 shot07489_70 1
1711 0 shot07489_103 1
1711 0 shot07489_39 1
1711 0 shot07489_82 1
1711 0 shot07489_60 1
1711 0 shot07489_45 1
1711 0 shot07489_135 1
1711 0 shot07489_9 1
1711 0 shot07489_112 1
1711 0 shot07489_53 1
1711 0 shot07489_57 1
1711 0 shot07489_38 1
1711 0 shot07489_89 1
1711 0 shot07489_22 1
1711 0 shot07489_78 1
1711 0 shot07489_104 1
1711 0 shot07489_66 1
1711 0 shot07489_101 1
1711 0 shot07489_83 1
1711 0 shot07489_12 1
1711 0 shot07489_18 1
1711 0 shot07489_46 1
1711 0 shot07489_52 1
1711 0 shot07489_123 1
1711 0 shot07489_111 1
1711 0 shot07489_43 1
1711 0 shot07489_72 1
1711 0 shot07489_49 1
1711 0 shot07489_130 1
1711 0 /nshot07490_261 1
1711 0 shot07490_141 1
1711 0 shot07490_269 1
1711 0 shot07490_210 1
1711 0 shot07490_164 1
1711 0 shot07490_16 1
1711 0 shot07490_78 1
1711 0 shot07490_38 1
1711 0 shot07490_64 1
1711 0 shot07490_252 1
1711 0 shot07490_24 1
1711 0 shot07490_22 1
1711 0 shot07490_263 1
1711 0 shot07490_200 1
1711 0 shot07490_270 1
1711 0 shot07490_8 1
1711 0 shot07490_98 1
1711 0 shot07490_172 1
1711 0 shot07490_89 1
1711 0 shot07490_81 1
1711 0 shot07490_133 1
1711 0 shot07490_66 1
1711 0 shot07490_307 1
1711 0 shot07490_179 1
1711 0 shot07490_224 1
1711 0 shot07490_297 1
1711 0 shot07490_286 1
1711 0 shot07490_44 1
1711 0 shot07490_271 1
1711 0 shot07490_146 1
1711 0 shot07490_246 1
1711 0 shot07490_144 1
1711 0 shot07490_115 1
1711 0 shot07490_176 1
1711 0 shot07490_3 1
1711 0 shot07490_95 1
1711 0 shot07490_143 1
1711 0 shot07490_147 1
1711 0 shot07490_142 1
1711 0 shot07490_260 1
1711 0 shot07490_229 1
1711 0 shot07490_169 1
1711 0 shot07490_36 1
1711 0 shot07490_130 1
1711 0 shot07490_40 1
1711 0 shot07490_72 1
1711 0 shot07490_18 1
1711 0 shot07490_243 1
1711 0 shot07490_175 1
1711 0 shot07490_312 1
1711 0 shot07490_86 1
1711 0 shot07490_171 1
1711 0 shot07490_145 1
1711 0 shot07490_65 1
1711 0 shot07490_34 1
1711 0 shot07490_39 1
1711 0 shot07490_288 1
1711 0 shot07490_303 1
1711 0 shot07490_184 1
1711 0 shot07490_10 1
1711 0 shot07490_265 1
1711 0 shot07490_209 1
1711 0 shot07490_97 1
1711 0 shot07490_151 1
1711 0 shot07490_166 1
1711 0 shot07490_259 1
1711 0 shot07490_301 1
1711 0 shot07490_234 1
1711 0 shot07490_257 1
1711 0 shot07490_222 1
1711 0 shot07490_6 1
1711 0 shot07490_58 1
1711 0 shot07490_111 1
1711 0 shot07490_185 1
1711 0 shot07490_140 1
1711 0 shot07490_289 1
1711 0 shot07490_80 1
1711 0 shot07490_68 1
1711 0 shot07490_208 1
1711 0 shot07490_170 1
1711 0 shot07490_67 1
1711 0 shot07490_254 1
1711 0 shot07490_196 1
1711 0 shot07490_276 1
1711 0 shot07490_163 1
1711 0 shot07490_138 1
1711 0 shot07490_136 1
1711 0 shot07490_223 1
1711 0 shot07490_19 1
1711 0 shot07490_262 1
1711 0 shot07490_96 1
1711 0 shot07490_296 1
1711 0 shot07490_256 1
1711 0 shot07490_245 1
1711 0 shot07490_37 1
1711 0 shot07490_202 1
1711 0 shot07490_299 1
1711 0 shot07490_258 1
1711 0 shot07490_267 1
1711 0 shot07490_75 1
1711 0 shot07490_160 1
1711 0 shot07490_228 1
1711 0 shot07490_302 1
1711 0 shot07490_69 1
1711 0 shot07490_294 1
1711 0 shot07490_47 1
1711 0 shot07490_73 1
1711 0 shot07490_60 1
1711 0 shot07490_305 1
1711 0 shot07490_255 1
